2851.1 2730.1 2913.1 2601.2 1501632000000 173819218
2730.1 2706.9 2766.6 2633.7 1501718400000 81464944
2706.9 2787.7 2805.8 2699.3 1501804800000 51230643
2787.7 2854.9 2875.1 2760.6 1501891200000 73184795
2854.9 3257.8 3341.6 2848.2 1501977600000 249140638
3257.8 3221.8 3305 3142.8 1502064000000 134273847
3221.8 3395 3442 3180.7 1502150400000 135545546
3395 3422.1 3486.7 3328 1502236800000 180632515
3422.1 3341.2 3430.2 3220 1502323200000 159826371
3341.2 3412.2 3443.9 3307.5 1502409600000 89052947
3412.2 3651.8 3718.6 3393.4 1502496000000 145203168
3651.8 3874.4 3987.6 3603.7 1502582400000 264461491
3874.4 4077.9 4215.1 3842 1502668800000 375155723
4077.9 4328.5 4353 3960.3 1502755200000 269279921
4328.5 4158.1 4440 3834.6 1502841600000 430371309
4158.1 4402.3 4415 3917 1502928000000 274394106
4402.3 4278.3 4498 4170 1503014400000 316217204
4278.3 4101.1 4368.3 3941.9 1503100800000 254893872
4101.1 4131.1 4183 3933 1503187200000 195584503
4131.1 4049.4 4164 4014.5 1503273600000 134919363
4049.4 3998.1 4087.4 3951 1503360000000 120132287
3998.1 4101.6 4187.3 3550 1503446400000 278792647
4101.6 4138 4259.9 4050 1503532800000 157594985
4138 4318.6 4368 4085.8 1503619200000 119190593
4318.6 4357.4 4472.6 4256 1503705600000 147356392
4357.4 4334.9 4371.3 4234.1 1503792000000 96825214
4334.9 4341.9 4414 4300.4 1503878400000 71225308
4341.9 4390.8 4413.3 4169 1503964800000 123025429
4390.8 4591.8 4709.9 4333.5 1504051200000 175035270
4591.8 4569.2 4666.5 4473.8 1504137600000 116996988
4569.2 4723.9 4769 4569.1 1504224000000 140130707
4723.9 4944.5 4944.5 4678 1504310400000 183655347
4944.5 4633.1 5013.3 4487.3 1504396800000 407688486
4633.1 4624.2 4742.2 4412.1 1504483200000 223677242
4624.2 4339.9 4630 4161.4 1504569600000 388478483
4339.9 4427 4505 4061.3 1504656000000 307926743
4427 4608.2 4662.9 4410.7 1504742400000 184852439
4608.2 4613.9 4678 4476.1 1504828800000 152792191
4613.9 4317.9 4689.7 4116 1504915200000 417833219
4317.9 4325.8 4416.1 4185.1 1505001600000 207889826
4325.8 4239.5 4344 4012.6 1505088000000 239857224
4239.5 4207 4380 4105.4 1505174400000 187757199
4207 4148.8 4380 4055 1505260800000 223164080
4148.8 3856.6 4152.1 3722.9 1505347200000 383908452
3856.6 3222.9 3920.7 3200.1 1505433600000 590184470
3222.9 3706.1 3841.1 2939.7 1505520000000 792609515
3706.1 3697 3900 3531.7 1505606400000 325600157
3697 3687.1 3810 3470.8 1505692800000 238266454
3687.1 4110.2 4149 3687 1505779200000 328976767
4110.2 3883.8 4130 3838.4 1505865600000 352115516
3883.8 3867.1 4060 3825 1505952000000 263081252
3867.1 3611 3903.5 3571.4 1506038400000 370202112
3611 3603.5 3765 3515 1506124800000 330019159
3603.5 3778.9 3826.5 3560 1506211200000 221180063
3778.9 3660.4 3781.9 3595.5 1506297600000 187902872
3660.4 3925.5 3980 3656 1506384000000 271819358
3925.5 3874 3981.3 3850 1506470400000 225261474
3874 4202.5 4220 3866.5 1506556800000 308069192
4202.5 4187.9 4276.7 4125 1506643200000 310866631
4187.9 4164.8 4240 4031.1 1506729600000 394154232
4164.8 4327.3 4355.7 4155 1506816000000 281256398
4327.3 4382.8 4384.1 4251.1 1506902400000 260400287
4382.8 4388 4458.8 4355.5 1506988800000 322064731
4388 4318.3 4435 4224.1 1507075200000 349047436
4318.3 4213.3 4339 4162 1507161600000 251445083
4213.3 4311.4 4377.5 4134.8 1507248000000 319137500
4311.4 4372.1 4430 4291.7 1507334400000 252070113
4372.1 4445.3 4484 4307 1507420800000 175049890
4445.3 4591 4619.6 4429.5 1507507200000 297011953
4591 4798.8 4914.5 4546.4 1507593600000 576352442
4798.8 4771.7 4943.7 4698.6 1507680000000 525518662
4771.7 4822 4887 4706 1507766400000 368758715
4822 5463.6 5467.5 4800.6 1507852800000 883212184
5463.6 5667.3 5980 5394.9 1507939200000 1336720748
5667.3 5872.1 5890 5588.7 1508025600000 590927424
5872.1 5711.1 5904.6 5405 1508112000000 782169799
5711.1 5795 5876.2 5531.1 1508198400000 512256122
5795 5600 5819.9 5510 1508284800000 568041073
5600 5590.8 5647.9 5100 1508371200000 1067907994
5590.8 5700.8 5757.9 5527 1508457600000 655240545
5700.8 6017.5 6168.9 5602 1508544000000 912558192
6017.5 6018.7 6220 5875 1508630400000 854248299
6018.7 5986 6080.2 5720 1508716800000 847520369
5986 5853.9 6095.2 5638.7 1508803200000 1013064819
5853.9 5517.4 5853.9 5454 1508889600000 950744064
5517.4 5732 5758.9 5366 1508976000000 710909859
5732 5888.4 6008 5669.6 1509062400000 773138211
5888.4 5769.3 6013 5678 1509148800000 632848491
5769.3 5727.1 5878 5652.7 1509235200000 444659626
5727.1 6159.3 6366 5687.5 1509321600000 756109936
6159.3 6134.9 6221.8 6010.8 1509408000000 579186740
6134.9 6440.1 6489 6088.4 1509494400000 757390412
6440.1 6749.5 6750 6360 1509580800000 1002702139
6749.5 7025.8 7437.7 6700.3 1509667200000 1947637864
7025.8 7146.5 7495 6920 1509753600000 1321777619
7146.5 7393.9 7596.1 6983.6 1509840000000 1077283262
7393.9 7378.3 7621.7 7280.5 1509926400000 1029792323
7378.3 6960 7436 6900 1510012800000 1477643661
6960 7121.3 7215.5 6957 1510099200000 1060689403
7121.3 7465 7950 7013 1510185600000 1939100851
7465 7150.5 7490.2 7030 1510272000000 1021866714
7150.5 6564 7362.5 6431 1510358400000 1784422368
6564 6345.5 6818 6220.5 1510444800000 1335894178
6345.5 5846.5 6480 5464 1510531200000 2217483525
5846.5 6558 6720 5800.5 1510617600000 1439111574
6558 6632.5 6777 6410 1510704000000 783289296
6632.5 7310.5 7367 6624.5 1510790400000 1271137892
7310.5 7867 8061 7131 1510876800000 1352874206
7867 7674 8059 7550 1510963200000 1575977218
7674 7805.5 7893.5 7425 1511049600000 857056815
7805.5 8062 8152.5 7680 1511136000000 800402418
8062 8243 8305 7929.5 1511222400000 863222728
8243 8098.5 8393.5 7407.5 1511308800000 1670787515
8098.5 8219 8319 8050.5 1511395200000 853748162
8219 7988.5 8275.5 7975.5 1511481600000 682535318
7988.5 8207.5 8386.5 7832 1511568000000 976560999
8207.5 8760 8787 8140 1511654400000 900440645
8760 9339 9586 8734.5 1511740800000 1807968585
9339 9751.5 9796 9339 1511827200000 1572797374
9751.5 9938 9992.5 9607.5 1511913600000 1236953894
9938 9869.5 11489 8830 1512000000000 3490469446
9869.5 9960 10750.5 8938.5 1512086400000 2291590521
9960 10879.5 10988 9347.5 1512172800000 1948017516
10879.5 10910.5 11262.5 10676.5 1512259200000 1389465247
10910.5 11210 11896 10402 1512345600000 1662517142
11210 11682 11685.5 10856 1512432000000 1539285527
11682 11726 11961 11451 1512518400000 1165153246
11726 13682 13890.5 11724 1512604800000 2181553335
13682 17427 17750 13323.5 1512691200000 3745748309
17427 16272 17719.5 13889.5 1512777600000 2976200225
16272 14984.5 16600 13225 1512864000000 1858006738
14984.5 15143 16149 13218 1512950400000 2334949262
15143 17009 17742.5 15102 1513036800000 1661016866
17009 17236 18067 16200 1513123200000 1618633765
17236 16436.5 17561 15855 1513209600000 1740697543
16436.5 16651 17145 16103 1513296000000 1046084323
16651 17700 18296.5 16615.5 1513382400000 1508093617
17700 19547.5 19840 17476.5 1513468800000 1425811474
19547.5 19287.5 20093 18737.5 1513555200000 1816963445
19287.5 19127 19384 18032.5 1513641600000 1806717297
19127 17663 19346 16804.5 1513728000000 1864278438
17663 16463 17943.5 15080 1513814400000 2464171914
16463 15775 17468.5 15050 1513900800000 1653592333
15775 13763.5 15905 10900 1513987200000 3487515797
13763.5 14719.5 15928 13462 1514073600000 1477899382
14719.5 14227.5 14788.5 12521.5 1514160000000 1662515600
14227.5 13989.5 14710.5 13232 1514246400000 996248193
13989.5 15833.5 16384.5 13900 1514332800000 1375059652
15833.5 15380.5 16700 14497.5 1514419200000 1281235547
15380.5 14480 15535.5 13450.5 1514505600000 1326750967
14480 14539.5 15175 13905 1514592000000 876425910
14539.5 12673.5 14601.5 11973 1514678400000 1516089382
12673.5 13873 14350 12468.5 1514764800000 814405650
13873 13477 14011.5 12772 1514851200000 638958746
13477 14786.5 15269 12900 1514937600000 904159652
14786.5 15157 15524 14555 1515024000000 812686550
15157 15186 15500 14150 1515110400000 814142088
15186 16891 17088 14805 1515196800000 1010611092
16891 17210 17422 16235 1515283200000 764303511
17210 16224.5 17213 15770.5 1515369600000 863341710
16224.5 14952.5 16329 13800 1515456000000 1473520709
14952.5 14465 15375 14183 1515542400000 999024212
14465 14963.5 15012.5 13426 1515628800000 1154658078
14963.5 13287.5 15033.5 12703.5 1515715200000 1514629882
13287.5 13874.5 14197 12818.5 1515801600000 886264793
13874.5 14209 14600 13810 1515888000000 588530993
14209 13645 14364 13049 1515974400000 806932736
13645 13621 14374.5 13400 1516060800000 747398582
13621 11330 13619 10100 1516147200000 2755983315
11330 11210 11799 9209 1516233600000 2266854171
11210 11252 12183 10615.5 1516320000000 1431204983
11252 11546.5 12078 10956.5 1516406400000 989529029
11546.5 12746.5 13008 11490 1516492800000 930649076
12746.5 11560 12757 11088.5 1516579200000 1143587814
11560 10792.5 11855 10020 1516665600000 1486837759
10792.5 10830 11437 9874 1516752000000 1449900102
10830 11394.5 11499 10437 1516838400000 1131616118
11394.5 11117 11750 10840.5 1516924800000 981325170
11117 11110 11653 10230 1517011200000 1452834482
11110 11398 11631 10777.5 1517097600000 1009595524
11398 11631.5 11970 11350 1517184000000 752035913
11631.5 11127 11768 10865 1517270400000 922831552
11127 9999 11217.5 9616.5 1517356800000 1551256047
9999 10132 10332.5 9500 1517443200000 1160207807
10132 9008 10199 8476 1517529600000 1778962963
9008 8807.5 9054.5 7610 1517616000000 1969893239
8807.5 9226.5 9499 8105 1517702400000 1176826654
9226.5 8151 9395 7791 1517788800000 1436075356
8151 6889.5 8344.5 6543 1517875200000 2088881027
6889.5 7674.5 7930 5855 1517961600000 2383969711
7674.5 7598.5 8590 7189.5 1518048000000 1968819425
7598.5 8232.5 8655 7576 1518134400000 1711303991
8232.5 8675.5 8750 7692 1518220800000 1462168195
8675.5 8548.5 9084 8112 1518307200000 1536909710
8548.5 8065 8548.5 7830 1518393600000 1528310563
8065 8905.5 8999 8063 1518480000000 1606293489
8905.5 8499.5 8944 8331 1518566400000 1530738973
8499.5 9462.5 9515 8499.5 1518652800000 1672574959
9462.5 10008 10191 9336 1518739200000 2116132820
10008 10185.5 10304 9705 1518825600000 1750655042
10185.5 11144 11160 10013.5 1518912000000 2178101186
11144 10402 11292 10174 1518998400000 3006576838
10402 11173 11277 10300 1519084800000 2443193873
11173 11220 11771 11020 1519171200000 2733704794
11220 10455 11250 10251 1519257600000 3211633653
10455 9831.5 10905 9726 1519344000000 3217750552
9831.5 10130.5 10369 9581 1519430400000 2811472247
10130.5 9689 10523 9338.5 1519516800000 2780775740
9689 9591 9880 9289 1519603200000 2299980554
9591 10316.5 10450 9379.5 1519689600000 2500491670
10316.5 10530 10879.5 10150.5 1519776000000 2639763770
10530 10319 11070 10250 1519862400000 3137482715
10319 10919.5 11105 10230 1519948800000 3081991666
10919.5 11030 11198 10770 1520035200000 2963568811
11030 11458 11524.5 11022 1520121600000 2803508861
11458 11490.5 11538 11066 1520208000000 2634323574
11490.5 11330.5 11683 11330.5 1520294400000 2409753832
11330.5 10730 11391.5 10560 1520380800000 3980630223
10730 9913.5 10898 9330.5 1520467200000 4822972246
9913.5 9304.5 10121.5 9030 1520553600000 4815317589
9304.5 9224 9423.5 8340 1520640000000 5723376753
9224 8789.5 9500 8706 1520726400000 3158061690
8789.5 9543 9789 8400 1520812800000 3947429500
9543 9093 9900 8711 1520899200000 3856719896
9093 9133.5 9519 8805.5 1520985600000 3565624937
9133.5 8190.5 9400 7933.5 1521072000000 3603357324
8190.5 8250.5 8475 7652.5 1521158400000 3815408242
8250.5 8250.5 8643 7873 1521244800000 2725855502
8250.5 7849 8389 7730.5 1521331200000 2600358139
7849 8189 8370 7300 1521417600000 3812114001
8189 8590 8780 8126 1521504000000 3174134064
8590 8897 9064 8323.5 1521590400000 3098742538
8897 8893.5 9217.5 8750 1521676800000 3037673596
8893.5 8700 9095 8505 1521763200000 3088085258
8700 8921 8948 8255 1521849600000 3053687082
8921 8512 9032.5 8460.5 1521936000000 2776441965
8512 8444.5 8683 8360 1522022400000 2698674833
8444.5 8150 8493.5 7820 1522108800000 3200837738
8150 7791 8199 7716 1522195200000 3196058935
7791 7935 8097 7727.5 1522281600000 2432935533
7935 7082 7963.5 6850 1522368000000 4153824059
7082 6820 7227 6543 1522454400000 4484265672
6820 6920.5 7222 6788 1522540800000 3064915621
6920.5 6817 7053 6404.5 1522627200000 3120463644
6817 7046.5 7123 6766 1522713600000 2396422744
7046.5 7408.5 7518 7006.5 1522800000000 2730070459
7408.5 6779 7420 6686.5 1522886400000 3371330612
6779 6769.5 6935 6555 1522972800000 3283289247
6769.5 6612 6875 6479.5 1523059200000 2256699483
6612 6900.5 7058.5 6608 1523145600000 1935569407
6900.5 7014 7137 6885 1523232000000 1602230571
7014 6763 7177.5 6600 1523318400000 2772773920
6763 6824 6888 6620 1523404800000 1765375582
6824 6933.5 6959 6802 1523491200000 1428141027
6933.5 7904.5 8149 6688 1523577600000 3364142710
7904.5 7887.5 8227 7754 1523664000000 3478152695
7887.5 8000 8195 7835 1523750400000 2357357570
8000 8346.5 8428.5 8000 1523836800000 2043519004
8346.5 8047 8420 7910 1523923200000 2834140820
8047 7889.5 8179 7800.5 1524009600000 2154592030
7889.5 8177 8262 7857 1524096000000 1900890471
8177 8266 8300 8068.5 1524182400000 1911752679
8266 8847 8974 8215 1524268800000 3018131037
8847 8923.5 9050.5 8651 1524355200000 3074828221
8923.5 8800 9020 8739 1524441600000 2644757064
8800 8943 9005 8780 1524528000000 2135080245
8943 9675 9780 8939.5 1524614400000 4135964861
9675 8846.5 9765.5 8711 1524700800000 5812260809
8846.5 9288 9327 8611 1524787200000 3628323166
9288 8928 9384.5 8910 1524873600000 2858560602
8928 9343.5 9450 8852 1524960000000 2857265463
9343.5 9400.5 9540 9192 1525046400000 2283372166
9400.5 9250 9457 9123 1525132800000 2370798272
9250 9066 9253.5 8800.5 1525219200000 2581286454
9066 9216 9258 8974.5 1525305600000 1979596355
9216 9741.5 9852 9167.5 1525392000000 3062952316
9741.5 9683 9778 9351 1525478400000 2686795243
9683 9828.5 9970 9671.5 1525564800000 2448922057
9828.5 9600.5 9936 9416 1525651200000 2905667236
9600.5 9359.5 9618 9170 1525737600000 3094401138
9359.5 9190.5 9449 9002 1525824000000 2521604621
9190.5 9305.5 9345 8966 1525910400000 2209067325
9305.5 9027.5 9399 9001 1525996800000 2312772193
9027.5 8413 9027.5 8337 1526083200000 4076886927
8413 8477 8634.5 8225 1526169600000 3743678488
8477 8693.5 8758 8336 1526256000000 2489733333
8693.5 8678 8882.5 8282.5 1526342400000 3328000880
8678 8476.5 8849 8417.5 1526428800000 2518801102
8476.5 8334.5 8497 8080 1526515200000 3019083310
8334.5 8058.5 8481 7945 1526601600000 2062998531
8058.5 8233 8273.5 7920 1526688000000 1913268873
8233 8230 8400 8152 1526774400000 1389157000
8230 8521.5 8610 8174.5 1526860800000 1688325934
8521.5 8397 8594.5 8320 1526947200000 1822218966
8397 7989 8407 7950 1527033600000 2605511682
7989 7506 8028.5 7430.5 1527120000000 4239365202
7506 7568 7740 7256 1527206400000 3643462743
7568 7464.5 7664 7320 1527292800000 2525291252
7464.5 7323 7648 7261.5 1527379200000 1583298168
7323 7336.5 7400 7189 1527465600000 1587861768
7336.5 7111 7450 7080.5 1527552000000 2096061721
7111 7469 7569 7060 1527638400000 2522014329
7469 7372 7559 7272 1527724800000 2266843464
7372 7485.5 7625 7330 1527811200000 2095602599
7485.5 7513 7618 7333 1527897600000 2065583965
7513 7631 7727 7444 1527984000000 1629728766
7631 7709 7798 7575 1528070400000 1458487437
7709 7492 7760 7451.5 1528156800000 2107702433
7492 7622.5 7670 7344 1528243200000 2413959593
7622.5 7657 7700 7478 1528329600000 2123556560
7657 7689 7755 7630 1528416000000 1649493436
7689 7625 7696.5 7540 1528502400000 1535801096
7625 7492 7700 7436 1528588800000 1314148739
7492 6767 7492.5 6610 1528675200000 4350581769
6767 6870.5 6937.5 6620 1528761600000 2583772362
6870.5 6553.5 6871 6433 1528848000000 2509548091
6553.5 6296.5 6633 6097 1528934400000 3466847461
6296.5 6631 6718 6268 1529020800000 3294127294
6631 6395 6680 6355 1529107200000 2138404894
6395 6488.5 6600.5 6312 1529193600000 1623676078
6488.5 6443 6580.5 6425 1529280000000 1130284891
6443 6706.5 6800 6374.5 1529366400000 1824293086
6706.5 6731.5 6838 6651 1529452800000 1571751049
6731.5 6750 6823 6552.5 1529539200000 2096211966
6750 6710.5 6789 6671 1529625600000 1379875457
6710.5 6048.5 6728 5900.5 1529712000000 4251305189
6048.5 6165 6270.5 6033.5 1529798400000 1880458657
6165 6150 6347 5743 1529884800000 3401207273
6150 6251.5 6350 6061 1529971200000 2113153648
6251.5 6074 6280.5 6044 1530057600000 1816573704
6074 6129 6178 5980 1530144000000 1725329775
6129 5844.5 6154.5 5820 1530230400000 1878641954
5844.5 6205.5 6333 5778 1530316800000 2322980304
6205.5 6383.5 6570 6190 1530403200000 1828580066
6383.5 6346 6432 6255 1530489600000 1334552363
6346 6610 6675 6268 1530576000000 1908182354
6610 6505.5 6670 6463.5 1530662400000 1803542193
6505.5 6582 6820 6412 1530748800000 2310207797
6582 6526.5 6730 6429 1530835200000 2647394794
6526.5 6599.5 6650 6453 1530921600000 1742814039
6599.5 6756.5 6868 6503 1531008000000 1559327485
6756.5 6701 6774.5 6670 1531094400000 1137205977
6701 6668 6841 6626 1531180800000 1664819307
6668 6304 6678 6260 1531267200000 2705577791
6304 6371 6399.5 6277 1531353600000 1767112110
6371 6246.5 6371 6065 1531440000000 2380315491
6246.5 6213 6350 6111 1531526400000 1778981873
6213 6245.5 6320 6181.5 1531612800000 1342839848
6245.5 6347.5 6392 6231 1531699200000 1314694866
6347.5 6719.5 6738 6338 1531785600000 2959875907
6719.5 7318.5 7470 6659.5 1531872000000 4090279858
7318.5 7384 7600 7230 1531958400000 4930792781
7384 7466.5 7584 7284 1532044800000 3254160878
7466.5 7333 7715 7270.5 1532131200000 4059000217
7333 7401 7450 7209.5 1532217600000 2078516076
7401 7391.5 7590 7321 1532304000000 2954588627
7391.5 7720 7799 7376 1532390400000 4401153931
7720 8391 8478 7694.5 1532476800000 7560074951
8391 8177 8487 8056 1532563200000 5858003803
8177 7922 8319.5 7850 1532649600000 4797481739
7922 8190 8280 7791 1532736000000 4714351308
8190 8229.5 8249.5 8075 1532822400000 2339162545
8229.5 8219 8302.5 8122 1532908800000 2694502222
8219 8174.5 8281.5 7842 1532995200000 5063640019
8174.5 7727 8174.5 7625 1533081600000 5811273710
7727 7604.5 7757.5 7430 1533168000000 4456770573
7604.5 7539.5 7717.5 7455.5 1533254400000 3227088342
7539.5 7411 7540 7292.5 1533340800000 4146372123
7411 7005.5 7487 6881 1533427200000 3524525987
7005.5 7019.5 7094 6870.5 1533513600000 2878841101
7019.5 6931.5 7180 6835 1533600000000 3539203955
6931.5 6711.5 7144 6646 1533686400000 4550047067
6711.5 6274 6712 6100 1533772800000 5593069624
6274 6536 6640 6182 1533859200000 3889886150
6536 6138 6578.5 5971 1533945600000 4436831128
6138 6241 6503 5970 1534032000000 3038561351
6241 6308.5 6499 6166 1534118400000 2604144385
6308.5 6245.5 6550 6134 1534204800000 3003407756
6245.5 6193.5 6250 5860 1534291200000 4419829799
6193.5 6266.5 6641 6182 1534377600000 5404958496
6266.5 6305.5 6483 6206 1534464000000 3766769335
6305.5 6578.5 6589 6285 1534550400000 3534214700
6578.5 6394 6617 6280 1534636800000 2440423115
6394 6487 6562 6305.5 1534723200000 2283077876
6487 6253.5 6523 6210 1534809600000 2948442122
6253.5 6467 6503 6231.5 1534896000000 2929312061
6467 6352 7148 6231.5 1534982400000 4117998981
6352 6521 6578 6339 1535068800000 2262714475
6521 6685.5 6736 6435 1535155200000 2556547595
6685.5 6727.5 6797.5 6665.5 1535241600000 2157660895
6727.5 6701.5 6779.5 6570.5 1535328000000 2457480015
6701.5 6906 6973 6645.5 1535414400000 2481684071
6906 7076.5 7133 6862 1535500800000 3353816462
7076.5 7032.5 7120 6870 1535587200000 2782958037
7032.5 6977 7055.5 6782.5 1535673600000 3729305115
6977 7017 7087 6880 1535760000000 2937116125
7017 7196.5 7298 7016 1535846400000 2539940934
7196.5 7295 7350 7138 1535932800000 3429838907
7295 7259.5 7349.5 7180 1536019200000 2589505781
7259.5 7355 7440 7235.5 1536105600000 2638019686
7355 6689 7387 6633.5 1536192000000 4657038172
6689 6487 6709 6181 1536278400000 4459083786
6487 6398 6523 6323.5 1536364800000 2831018719
6398 6180.5 6468 6100 1536451200000 2169153899
6180.5 6240 6483.5 6140 1536537600000 1849595765
6240 6300 6385 6223 1536624000000 1952781855
6300 6278.5 6434.5 6140 1536710400000 2208501033
6278.5 6322 6345.5 6181 1536796800000 1947768858
6322 6487.5 6530 6321.5 1536883200000 2595041422
6487.5 6478 6585 6350 1536969600000 2451976268
6478 6515.5 6568 6463.5 1537056000000 1215015008
6515.5 6493 6516.5 6330.5 1537142400000 1285741467
6493 6247 6528.5 6201 1537228800000 2605439205
6247 6328.5 6380.5 6226.5 1537315200000 1771973276
6328.5 6384.5 6580 6066 1537401600000 2821848926
6384.5 6482 6520 6336.5 1537488000000 1616025470
6482 6746.5 6778 6481.5 1537574400000 2536239642
6746.5 6709 6830 6626 1537660800000 1610847589
6709 6703 6779 6653 1537747200000 1017080580
6703 6578.5 6720 6555 1537833600000 1650008148
6578.5 6429 6578.5 6311.5 1537920000000 2725467770
6429 6452.5 6540 6377 1538006400000 1803487065
6452.5 6685.5 6759 6435 1538092800000 1928470339
6685.5 6620 6789 6521 1538179200000 2927994334
6620 6581.5 6620.5 6438 1538265600000 1716887274
6581.5 6598.5 6642.5 6515 1538352000000 1193407992
6598.5 6571 6636 6466 1538438400000 1637337327
6571 6502.5 6590 6444.5 1538524800000 1402030836
6502.5 6465 6509.5 6394 1538611200000 1540804688
6465 6553 6620 6459 1538697600000 1667871595
6553 6582 6658.5 6522 1538784000000 1156201039
6582 6552 6592.5 6531.5 1538870400000 578198553
6552 6571 6599 6488 1538956800000 683158128
6571 6607.5 6669 6550.5 1539043200000 1256335274
6607.5 6591 6614.5 6563 1539129600000 772207701
6591 6530 6591.5 6452 1539216000000 1500208025
6530 6154.5 6530.5 6005 1539302400000 3393156568
6154.5 6182.5 6233.5 6100 1539388800000 1140618977
6182.5 6193.5 6212.5 6166 1539475200000 565325381
6193.5 6181.5 6300 6142 1539561600000 1003003304
6181.5 6436.5 6818 6147 1539648000000 3808169212
6436.5 6456 6497.5 6383 1539734400000 1347675108
6456 6438.5 6458 6409 1539820800000 710975400
6438.5 6394.5 6488 6350 1539907200000 1113414516
6394.5 6384 6405 6366 1539993600000 620702624
6384 6407.5 6425 6367 1540080000000 468491105
6407.5 6413 6465 6405.5 1540166400000 604132354
6413 6412.5 6426 6369 1540252800000 687226047
6412.5 6395 6415.5 6360 1540339200000 651666576
6395 6412.5 6490 6394.5 1540425600000 835272558
6412.5 6393.5 6419 6368 1540512000000 755916346
6393.5 6406.5 6468 6386.5 1540598400000 773455031
6406.5 6407 6419 6395.5 1540684800000 320256569
6407 6408 6449 6382.5 1540771200000 382180051
6408 6266.5 6415.5 6209 1540857600000 1481206621
6266.5 6272 6294 6255 1540944000000 621247379
6272 6307 6345 6210 1541030400000 1038552067
6307 6337 6370 6302 1541116800000 527664071
6337 6346 6387 6328 1541203200000 779817385
6346 6332.5 6348.5 6316.5 1541289600000 418518243
6332.5 6427.5 6471 6322.5 1541376000000 1079190784
6427.5 6404 6445.5 6380 1541462400000 680611418
6404 6450.5 6460 6387 1541548800000 1009689725
6450.5 6510.5 6568 6434.5 1541635200000 1199489873
6510.5 6414 6524 6372.5 1541721600000 1340385486
6414 6338.5 6420.5 6310 1541808000000 1238135158
6338.5 6353.5 6379 6334.5 1541894400000 463914785
6353.5 6361 6380 6260 1541980800000 769461393
6361 6337.5 6406 6305.5 1542067200000 976781774
6337.5 6249 6338 6235 1542153600000 1366233784
6249 5586 6296 5231 1542240000000 5165120528
5586 5581 5639.5 5181 1542326400000 3649588056
5581 5511 5619 5406 1542412800000 1716661902
5511 5501.5 5557 5450.5 1542499200000 854000974
5501.5 5556 5690 5501.5 1542585600000 935728658
5556 4743 5557 4665 1542672000000 5232596594
4743 4348.5 4897 4010 1542758400000 6489034529
4348.5 4537 4654 4229 1542844800000 3428477052
4537 4266.5 4598 4235.5 1542931200000 1921804140
4266.5 4283 4382 4068 1543017600000 2602831127
4283 3768.5 4378 3627 1543104000000 2444429081
3768.5 3930.5 4120 3430 1543190400000 3937118449
3930.5 3724.5 4080 3492 1543276800000 3724730922
3724.5 3769 3837 3563.5 1543363200000 2530263160
3769 4219 4357 3768.5 1543449600000 3147203385
4219 4242 4423 4085 1543536000000 2592414278
4242 3972 4299 3860 1543622400000 2584621533
3972 4136.5 4266 3903.5 1543708800000 1640007226
4136.5 4096.5 4270 4025 1543795200000 1787717143
4096.5 3829.5 4118.5 3729.5 1543881600000 1946677836
3829.5 3902 4042 3730 1543968000000 1935438543
3902 3695.5 3917 3655 1544054400000 1775227694
3695.5 3430.5 3843 3400 1544140800000 2752500328
3430.5 3369 3542 3200 1544227200000 2747024120
3369 3397 3500 3246 1544313600000 1640637903
3397 3526.5 3630 3370.5 1544400000000 1456049836
3526.5 3406 3596 3350 1544486400000 1601488752
3406 3344 3422 3281.5 1544572800000 1214572434
3344 3431.5 3493.5 3321.5 1544659200000 1211426170
3431.5 3257.5 3439 3217.5 1544745600000 1424966157
3257.5 3193 3300 3134.5 1544832000000 1536196893
3193 3183 3226 3121 1544918400000 1009582711
3183 3189.5 3260 3177 1545004800000 1025712865
3189.5 3495.5 3590 3178 1545091200000 2156458993
3495.5 3665 3690 3435 1545177600000 2155901030
3665 3680 3916.5 3641 1545264000000 3567541648
3680 4069 4174 3654.5 1545350400000 3971091014
4069 3841 4168 3770 1545436800000 3040224454
3841 3981 4007 3783.5 1545523200000 1679000836
3981 3944 4055 3903 1545609600000 1492831124
3944 4033.5 4241 3943.5 1545696000000 2193196042
4033.5 3777 4043 3670.5 1545782400000 1991914841
3777 3806.5 3868 3683 1545868800000 1419107616
3806.5 3588 3842 3565 1545955200000 1386767145
3588 3889.5 3960 3568 1546041600000 1542324018
3889.5 3712 3944 3650 1546128000000 1267439193
3712 3830.5 3898.5 3671 1546214400000 1225535573
3830.5 3693 3839.5 3615 1546300800000 976475574
3693 3824 3870 3630.5 1546387200000 902868031
3824 3888 3918 3762 1546473600000 1074586398
3888 3784 3891 3748 1546560000000 880837736
3784 3817 3850 3721.5 1546646400000 907202598
3817 3794.5 3879 3767 1546732800000 742213108
3794.5 4039 4082 3750 1546819200000 1072137901
4039 4005 4074 3970 1546905600000 950704483
4005 3995.5 4130 3937 1546992000000 1297065278
3995.5 4001 4045 3959.5 1547078400000 900335908
4001 3622 4036 3512 1547164800000 1648035760
3622 3631.5 3698 3561.5 1547251200000 1011606061
3631.5 3613 3652 3550 1547337600000 545041398
3613 3513 3638 3479 1547424000000 800495107
3513 3663 3718 3506.5 1547510400000 938603871
3663 3574.5 3684 3535 1547596800000 822695898
3574.5 3607.5 3664 3568 1547683200000 860220650
3607.5 3637 3660 3540 1547769600000 943447538
3637 3606 3639.5 3571.5 1547856000000 656428321
3606 3681.5 3784.5 3605 1547942400000 745711298
3681.5 3535 3700 3450 1548028800000 1016540362
3535 3529.5 3575 3474.5 1548115200000 763124348
3529.5 3578 3608.5 3405 1548201600000 1148206703
3578 3551 3617.5 3522 1548288000000 904277332
3551 3568 3590 3526.5 1548374400000 721324540
3568 3560.5 3577 3501 1548460800000 770190679
3560.5 3554.5 3672.5 3530 1548547200000 824768395
3554.5 3527.5 3558.5 3462.5 1548633600000 791531675
3527.5 3428 3530 3370 1548720000000 1600983915
3428 3391 3435.5 3343 1548806400000 995168687
3391 3434 3460 3372.5 1548892800000 930964392
3434 3413.5 3473 3392.5 1548979200000 743028351
3413.5 3435.5 3460 3374.5 1549065600000 879858333
3435.5 3464 3484.5 3414 1549152000000 728919652
3464 3414 3470.5 3382.5 1549238400000 763280076
3414 3406.5 3435 3394 1549324800000 554983495
3406.5 3428.5 3430 3396 1549411200000 435570729
3428.5 3365.5 3446 3330 1549497600000 929931861
3365.5 3357 3378.5 3350.5 1549584000000 333273271
3357 3626 3728 3341 1549670400000 1755549256
3626 3626 3642.5 3595 1549756800000 664676512
3626 3648 3660 3575 1549843200000 732314688
3648 3591 3652.5 3575.5 1549929600000 744728832
3591 3587.5 3618 3550 1550016000000 870328982
3587.5 3577 3632 3562.5 1550102400000 649214457
3577 3560 3590 3533 1550188800000 591406772
3560 3565 3615 3536.5 1550275200000 728403854
3565 3579.5 3609.5 3564 1550361600000 627259315
3579.5 3623.5 3680 3553 1550448000000 1019233948
3623.5 3867.5 3919 3615 1550534400000 2873418963
3867.5 3888 3972 3838 1550620800000 2058087199
3888 3938.5 3958 3868.5 1550707200000 1248217490
3938.5 3897.5 3995 3863 1550793600000 1211912456
3897.5 3938.5 3957 3886.5 1550880000000 1028224433
3938.5 4111.5 4157.5 3906.5 1550966400000 1754842139
4111.5 3733.5 4190 3702 1551052800000 2458966881
3733.5 3818 3854.5 3730 1551139200000 1181271511
3818 3797 3826 3750 1551225600000 868952398
3797 3798 3821.5 3640 1551312000000 1160849783
3798 3788 3895 3741 1551398400000 1171406068
3788 3802 3839 3784.5 1551484800000 565492632
3802 3808 3819 3754 1551571200000 540450028
3808 3785.5 3816.5 3757 1551657600000 504059676
3785.5 3698.5 3804.5 3669 1551744000000 1237930792
3698.5 3846.5 3880 3691 1551830400000 1424807550
3846.5 3849 3901 3810.5 1551916800000 856845523
3849 3854 3889 3828 1552003200000 1037324028
3854 3840 3913.5 3742.5 1552089600000 1197247739
3840 3916 3943 3831.5 1552176000000 1263671482
3916 3897.5 3916 3860 1552262400000 583852214
3897.5 3845 3912.5 3806 1552348800000 943232476
3845 3857.5 3874 3793.5 1552435200000 975781570
3857.5 3849.5 3872.5 3825 1552521600000 651939565
3849.5 3855 3906 3750 1552608000000 835215034
3855 3897 3903.5 3840.5 1552694400000 754035503
3897 3986 4038 3896 1552780800000 1344503429
3986 3962 3987.5 3926 1552867200000 680719566
3962 3969 4014.5 3928 1552953600000 976963412
3969 3997 4012 3945 1553040000000 869685179
3997 4029.5 4048.5 3952.5 1553126400000 1114612306
4029.5 3969 4067.5 3914.5 1553212800000 1446482112
3969 3981 3999 3958 1553299200000 596252650
3981 3979.5 3999 3952 1553385600000 575838849
3979.5 3966.5 3979.5 3937 1553472000000 460394105
3966.5 3903.5 3972.5 3859.5 1553558400000 1049445895
3903.5 3915.5 3920 3881.5 1553644800000 628735149
3915.5 4025.5 4041 3910 1553731200000 1339386470
4025.5 4009 4026 3991 1553817600000 563612950
4009 4086 4097.5 4002 1553904000000 1564265726
4086 4088 4129 4021 1553990400000 1050240961
4088 4091 4098 4074 1554076800000 404465604
4091 4132.5 4144.5 4036.5 1554163200000 1194734770
4132.5 4897.5 5144.5 4128.5 1554249600000 4877433560
4897.5 4979 5348.5 4783 1554336000000 5191879310
4979 4910 5085.5 4780 1554422400000 3228374415
4910 5040 5073.5 4885 1554508800000 1992032192
5040 5043 5245 4890.5 1554595200000 2185695456
5043 5192 5280 5028 1554681600000 2199032130
5192 5285.5 5341 5133 1554768000000 2648582157
5285.5 5184 5285.5 5140.5 1554854400000 2031776659
5184 5321.5 5474 5109 1554940800000 2276551766
5321.5 5038.5 5342.5 4959 1555027200000 2473244609
5038.5 5075.5 5132 4923 1555113600000 1563910560
5075.5 5066 5117 5027.5 1555200000000 925759271
5066 5160 5183.5 5008 1555286400000 985278444
5160 5024 5191.5 4942 1555372800000 1538220012
5024 5202.5 5329.5 5013 1555459200000 1450183323
5202.5 5227 5291 5150.5 1555545600000 1298984546
5227 5278.5 5318 5222 1555632000000 1343604396
5278.5 5287.5 5390 5155 1555718400000 1330864714
5287.5 5320 5358.5 5250.5 1555804800000 1101158871
5320 5295.5 5348 5205 1555891200000 1261258028
5295.5 5383 5444 5256 1555977600000 1753224027
5383 5529.5 5650 5365 1556064000000 2490883494
5529.5 5440 5622.5 5360 1556150400000 2552274532
5440 5119.5 5503.5 4960 1556236800000 2487873376
5119.5 5149.5 5274.5 5042 1556323200000 2782394111
5149.5 5161.5 5221 5103 1556409600000 906388719
5161.5 5153.5 5212.5 5090 1556496000000 1090151542
5153.5 5141 5190 5060.5 1556582400000 1259511670
5141 5264 5294 5124.5 1556668800000 1401021208
5264 5317 5350 5255 1556755200000 1226168918
5317 5385 5418.5 5305.5 1556841600000 1550746064
5385 5657.5 5800 5355 1556928000000 4257938033
5657.5 5769 5850 5502 1557014400000 3376678956
5769 5715.5 5783 5607.5 1557100800000 2130999207
5715.5 5684.5 5755 5555.5 1557187200000 2434873172
5684.5 5738 5975 5684.5 1557273600000 3524010933
5738 5939 6000 5642 1557360000000 2348502656
5939 6140 6163.5 5928.5 1557446400000 2740351645
6140 6341.5 6424 6103.5 1557532800000 4080394057
6341.5 7218 7471.5 6341.5 1557619200000 7857790177
7218 6975.5 7585 6771 1557705600000 8298233952
6975.5 7827 8190 6863.5 1557792000000 7322163617
7827 7997.5 8339 7627 1557878400000 6768836755
7997.5 8203.5 8325 7855.5 1557964800000 4860301877
8203.5 7884.5 8400 7650 1558051200000 4690708835
7884.5 7352 7940 6380 1558137600000 5797282171
7352 7258.5 7490 7202 1558224000000 2603107435
7258.5 8206.5 8340 7245.5 1558310400000 5010585251
8206.5 8009.5 8206.5 7578.5 1558396800000 5221582421
8009.5 7959 8126.5 7800 1558483200000 3285592576
7959 7624 8057 7497.5 1558569600000 3386129163
7624 7875.5 7984.5 7460 1558656000000 3402334516
7875.5 7997.5 8194 7801.5 1558742400000 2932142554
7997.5 8067 8173 7938.5 1558828800000 1826767751
8067 8750 8889 7883 1558915200000 3550946328
8750 8779.5 8964 8659 1559001600000 3896581382
8779.5 8721 8823.5 8561 1559088000000 2621698602
8721 8665.5 8777 8442 1559174400000 2868619212
8665.5 8274.5 9111 7944 1559260800000 4862775976
8274.5 8546 8579 8115 1559347200000 3025912090
8546 8555.5 8637 8456 1559433600000 1642093097
8555.5 8738 8860.5 8549 1559520000000 2134326062
8738 8100.5 8744.5 8025.5 1559606400000 3905139797
8100.5 7663 8100.5 7435 1559692800000 5013529082
7663 7783 7931 7583.5 1559779200000 3279925703
7783 7805 7880 7448 1559865600000 2969028952
7805 7996.5 8130 7764.5 1559952000000 2725467874
7996.5 7926 8055.5 7786 1560038400000 1855869071
7926 7629 7958 7500 1560124800000 2490212260
7629 8016 8108 7515 1560211200000 2840864492
8016 7917.5 8059 7704.5 1560297600000 2259291147
7917.5 8176.5 8273 7816 1560384000000 2810073967
8176.5 8234 8336.5 8047.5 1560470400000 2218764077
8234 8695 8743 8178.5 1560556800000 3216324015
8695 8859.5 8929 8633.5 1560643200000 2663636197
8859.5 8974.5 9442 8794 1560729600000 5909192014
8974.5 9347.5 9496 8974.5 1560816000000 4612766979
9347.5 9085.5 9364.5 8931 1560902400000 3970490506
9085.5 9287.5 9329.5 9045 1560988800000 2369675840
9287.5 9532 9617.5 9220.5 1561075200000 3404805996
9532 10279.5 10287.5 9532 1561161600000 4982086264
10279.5 10692 11231.5 10111.5 1561248000000 8690081969
10692 10841.5 11286.5 10481 1561334400000 4821767323
10841.5 11045 11110 10540 1561420800000 4046754884
11045 11760.5 11797.5 10996 1561507200000 6030877932
11760.5 12930 13920 11633 1561593600000 13622106362
12930 11156.5 13333 10300 1561680000000 11918759557
11156.5 12374.5 12465 10741 1561766400000 7632010874
12374.5 11870 12393.5 11350 1561852800000 6183781738
11870 10761 12227.5 10659 1561939200000 5853037670
10761 10570.5 11220 9950 1562025600000 6402816721
10570.5 10840 10924 9650 1562112000000 6728492232
10840 11983.5 12028.5 10840 1562198400000 7359228593
11983.5 11143 12070 11042.5 1562284800000 5113462968
11143 10991 11439 10755 1562371200000 4884327016
10991 11234 11747 10952 1562457600000 4233836613
11234 11475.5 11650 11070 1562544000000 3337511399
11475.5 12290 12387 11321.5 1562630400000 4103506231
12290 12563.5 12840 12105 1562716800000 5990811853
12563.5 12090 13272 11530 1562803200000 8520368140
12090 11336.5 12094.5 10927.5 1562889600000 7239763340
11336.5 11804 11943.5 11085 1562976000000 4443917659
11804 11370.5 11842.5 10800 1563062400000 4678483104
11370.5 10185.5 11468.5 10071 1563148800000 5522316256
10185.5 10857 11069 9850 1563235200000 5652905693
10857 9417 11036 9351.5 1563321600000 6461953944
9417 9695.5 9980 9080 1563408000000 5431626185
9695.5 10646.5 10802.5 9268 1563494400000 5561915298
10646.5 10523 10776 10101 1563580800000 4171814081
10523 10760 11132 10352.5 1563667200000 3317358948
10760 10591.5 10827.5 10324.5 1563753600000 2703833896
10591.5 10320.5 10685 10057 1563840000000 3129671215
10320.5 9844 10320.5 9803 1563926400000 3483479222
9844 9773 9920 9489.5 1564012800000 3473045950
9773 9871.5 10185 9740 1564099200000 2410973560
9871.5 9845.5 9900 9606.5 1564185600000 2018508690
9845.5 9463.5 10300 9258 1564272000000 2938517010
9463.5 9530.5 9748 9100 1564358400000 2109224537
9530.5 9502.5 9734 9339.5 1564444800000 2207241220
9502.5 9592.5 9885 9375.5 1564531200000 2294653128
9592.5 10088.5 10146 9575 1564617600000 2646525279
10088.5 10415.5 10499 9885 1564704000000 2728317073
10415.5 10528 10664 10325 1564790400000 2769210533
10528 10819.5 10926 10514 1564876800000 2571478309
10819.5 10982 11095 10570 1564963200000 3154544816
10982 11814.5 11971 10982 1565049600000 5082486227
11814.5 11467 12340 11220.5 1565136000000 5716377385
11467 11987.5 12170 11386 1565222400000 5276244947
11987.5 12020 12147 11438.5 1565308800000 4296333405
12020 11874 12080.5 11651 1565395200000 3230126803
11874 11280 12000 11122 1565481600000 3027196264
11280 11531.5 11596.5 11072.5 1565568000000 2097017864
11531.5 11395.5 11555 11222.5 1565654400000 1710409465
11395.5 10858.5 11458 10758.5 1565740800000 3094724371
10858.5 10025 10862 9913 1565827200000 4998265897
10025 10290.5 10438 9475.5 1565913600000 6162430723
10290.5 10350.5 10530 9725 1566000000000 5322247302
10350.5 10204 10475.5 9964.5 1566086400000 2469271372
10204 10318 10520 10061 1566172800000 2132196783
10318 10925 10942 10268 1566259200000 2816151521
10925 10773.5 10959.5 10554.5 1566345600000 2741966202
10773.5 10129 10807 9855 1566432000000 4151993497
10129 10104.5 10230 9744 1566518400000 3203858195
10104.5 10401.5 10463 10042 1566604800000 2333731786
10401.5 10136 10423.5 9850 1566691200000 2605988158
10136 10135.5 10369 9875 1566777600000 2557057170
10135.5 10369 10805 10137 1566864000000 3095112179
10369 10176 10384 10025 1566950400000 2440006950
10176 9701.5 10315 9497.5 1567036800000 3514832496
9701.5 9491.5 9702 9321 1567123200000 2455401317
9491.5 9574 9690 9341.5 1567209600000 1921000276
9574 9602.5 9703.5 9434.5 1567296000000 1385068208
9602.5 9771.5 9844 9531 1567382400000 1378560767
9771.5 10391 10500 9745.5 1567468800000 3287239990
10391 10630 10783 10300 1567555200000 3730362374
10630 10580.5 10879 10380.5 1567641600000 3667564531
10580.5 10586 10683 10454 1567728000000 2406367926
10586 10310.5 10968 10205 1567814400000 4202998455
10310.5 10492.5 10576 10308 1567900800000 1719270081
10492.5 10402 10599 10252.5 1567987200000 1834957860
10402 10318 10571 10090 1568073600000 3563034952
10318 10102.5 10394 9892 1568160000000 2461539814
10102.5 10166 10280 9850 1568246400000 2768292719
10166 10433.5 10469.5 10032 1568332800000 2461241420
10433.5 10370 10458.5 10161.5 1568419200000 1974996040
10370 10364 10447.5 10221 1568505600000 1692697317
10364 10314 10387 10260 1568592000000 1114698246
10314 10268 10391.5 10066 1568678400000 2217227507
10268 10184.5 10284 10137.5 1568764800000 1862503320
10184.5 10163 10262.5 10075 1568851200000 1517895773
10163 10282.5 10442 9567 1568937600000 3368765552
10282.5 10175.5 10319.5 10061 1569024000000 1608962567
10175.5 9975.5 10176 9902.5 1569110400000 1585453842
9975.5 10026 10100 9840.5 1569196800000 1698994877
10026 9686 10049.5 9603.5 1569283200000 2783512865
9686 8533.5 9779.5 8012 1569369600000 6725380596
8533.5 8430 8748 8215 1569456000000 4045724084
8430 8054 8466 7736 1569542400000 4010130760
8054 8189 8265 7860 1569628800000 2456542220
8189 8207 8400 8015 1569715200000 1727544035
8207 8054 8238.5 7900 1569801600000 1822807833
8054 8299.5 8344.5 7688 1569888000000 3373793628
8299.5 8314 8532 8200 1569974400000 2754664272
8314 8377.5 8386 8173 1570060800000 1537659900
8377.5 8240.5 8420.5 8070 1570147200000 1946444699
8240.5 8154.5 8243 8020 1570233600000 1680861122
8154.5 8146.5 8200 8022 1570320000000 1247070981
8146.5 7861 8172 7770 1570406400000 2177529708
7861 8208 8307.5 7765 1570492800000 2790485285
8208 8180 8332.5 8095.5 1570579200000 1775864658
8180 8587.5 8692 8111.5 1570665600000 2918198967
8587.5 8586.5 8662.5 8466 1570752000000 1820350604
8586.5 8266 8821.5 8222 1570838400000 2840802059
8266 8305 8399.5 8252 1570924800000 914764702
8305 8278 8466 8150 1571011200000 1600848345
8278 8358 8406 8221 1571097600000 1383917320
8358 8156 8420 8076 1571184000000 1833941267
8156 7995.5 8175 7912.5 1571270400000 1714484458
7995.5 8070.5 8123 7937.5 1571356800000 1379848088
8070.5 7951 8112 7799.5 1571443200000 2025413894
7951 7960 8110 7868 1571529600000 1515391394
7960 8233 8318 7866 1571616000000 2151767217
8233 8204.5 8357 8155.5 1571702400000 1615409161
8204.5 8019 8313 7981.5 1571788800000 1943310865
8019 7468 8044.5 7298 1571875200000 3184348868
7468 7424 7504.5 7355 1571961600000 1438106601
7424 8668 8790 7380.5 1572048000000 5046279493
8668 9264.5 10584.5 8645 1572134400000 8255466579
9264.5 9556 9832.5 9105 1572220800000 4626756280
9556 9226 9944 9167 1572307200000 3712381533
9226 9438 9565.5 9058 1572393600000 3366567658
9438 9165 9438.5 8990 1572480000000 2909978028
9165 9153.5 9440 8947 1572566400000 3047547927
9153.5 9255.5 9316 9055 1572652800000 2196031702
9255.5 9313.5 9412 9212.5 1572739200000 1233087720
9313.5 9205.5 9389.5 9065 1572825600000 1507073624
9205.5 9426.5 9617 9135 1572912000000 2071601009
9426.5 9317 9485 9180 1572998400000 2138589698
9317 9347 9462 9250 1573084800000 1578464842
9347 9213 9377.5 9073.5 1573171200000 1704656593
9213 8765 9254 8670 1573257600000 3279777209
8765 8806 8880 8726 1573344000000 1143494672
8806 9038.5 9200 8757 1573430400000 1750868912
9038.5 8717.5 9075 8571.5 1573516800000 2222292847
8717.5 8818 8872.5 8550 1573603200000 2167911140
8818 8764 8847.5 8709.5 1573689600000 1080815478
8764 8630.5 8794 8550.5 1573776000000 1697709913
8630.5 8456 8795 8350 1573862400000 2682084979
8456 8484.5 8532.5 8420 1573948800000 786045873
8484.5 8506 8640 8380 1574035200000 1303273609
8506 8173.5 8506.5 8006 1574121600000 2474151019
8173.5 8123 8198.5 7983.5 1574208000000 2020621821
8123 8080 8239 8026 1574294400000 1520604781
8080 7614 8117.5 7350 1574380800000 3216585080
7614 7275.5 7721 6736 1574467200000 5640533528
7275.5 7322.5 7350 7101 1574553600000 1904791671
7322.5 6902.5 7346 6858 1574640000000 2723772449
6902.5 7124 7389 6516 1574726400000 4690779276
7124 7160.5 7357 7012.5 1574812800000 2548690727
7160.5 7525 7667 6831 1574899200000 3562514343
7525 7424.5 7662.5 7365 1574985600000 2007567886
7424.5 7749 7870 7412 1575072000000 2298676734
7749 7549.5 7821 7450 1575158400000 1580574227
7549.5 7399 7550 7225 1575244800000 2330800876
7399 7300.5 7421 7160 1575331200000 1849164060
7300.5 7294.5 7422 7237.5 1575417600000 1231391989
7294.5 7192.5 7800 7080.5 1575504000000 3113468342
7192.5 7391.5 7480 7140 1575590400000 2243820337
7391.5 7538.5 7645 7289.5 1575676800000 1979172181
7538.5 7501.5 7640 7479 1575763200000 1010214682
7501.5 7512.5 7579 7387.5 1575849600000 1093316907
7512.5 7332.5 7689 7276.5 1575936000000 2231926258
7332.5 7218 7395 7155 1576022400000 1665738486
7218 7196.5 7266.5 7122 1576108800000 1154448620
7196.5 7187 7445 7050 1576195200000 1750691296
7187 7242 7300 7182 1576281600000 946762102
7242 7060.5 7263.5 6994 1576368000000 1255852592
7060.5 7107.5 7202 7011.5 1576454400000 1291636709
7107.5 6873 7172 6822 1576540800000 1889957764
6873 6611.5 6933 6534 1576627200000 2313870075
6611.5 7288 7489.5 6410 1576713600000 4074723768
7288 7148.5 7371.5 7034 1576800000000 2234109575
7148.5 7186.5 7222.5 7075 1576886400000 1276768414
7186.5 7140 7188 7101.5 1576972800000 605463755
7140 7509.5 7534 7122 1577059200000 1784583659
7509.5 7312 7697 7264 1577145600000 2770807470
7312 7249 7416.5 7155.5 1577232000000 1774793321
7249 7194.5 7260.5 7111.5 1577318400000 1158502649
7194.5 7190 7445 7142 1577404800000 1533968997
7190 7242 7268 7060 1577491200000 1462208740
7242 7298 7347 7231 1577577600000 1191155941
7298 7381.5 7524.5 7272 1577664000000 1545732585
7381.5 7218.5 7382 7201 1577750400000 1263814042
7218.5 7163 7298.5 7115 1577836800000 1097785557
7163 7179 7234.5 7153 1577923200000 762775093
7179 6942 7183 6905.5 1578009600000 1471023953
6942 7335 7412 6855 1578096000000 3050176897
7335 7345 7399 7258.5 1578182400000 1183967641
7345 7350.5 7494 7310 1578268800000 1533245110
7350.5 7756.5 7799 7341.5 1578355200000 2344491871
7756.5 8155.5 8214.5 7740.5 1578441600000 3903802488
8155.5 8046 8462.5 7880 1578528000000 4906482344
8046 7810.5 8046 7740.5 1578614400000 2634163776
7810.5 8204 8204 7682 1578700800000 3782453314
8204 8023.5 8295 8006.5 1578787200000 2342781516
8023.5 8187 8196 7955 1578873600000 1576712742
8187 8104.5 8200 8033.5 1578960000000 1313199511
8104.5 8835.5 8900 8104 1579046400000 5589882784
8835.5 8816.5 8916.5 8578 1579132800000 3523353461
8816.5 8719 8854 8585.5 1579219200000 2445274789
8719 8901 9021 8670.5 1579305600000 3728596348
8901 8916.5 8984 8810 1579392000000 1836510291
8916.5 8700.5 9190 8430 1579478400000 3742743016
8700.5 8632.5 8739 8516 1579564800000 2016471911
8632.5 8727.5 8772.5 8455 1579651200000 1797763495
8727.5 8664.5 8796.5 8552 1579737600000 1313340524
8664.5 8392 8669.5 8283.5 1579824000000 2892720411
8392 8425.5 8515 8223.5 1579910400000 2520283967
8425.5 8326 8427.5 8251 1579996800000 1484100809
8326 8597.5 8599.5 8286 1580083200000 1814758342
8597.5 8900 8994.5 8566 1580169600000 3131528831
8900 9400 9434 8886 1580256000000 4571974682
9400 9294.5 9440 9235 1580342400000 3016724002
9294.5 9510 9579 9052 1580428800000 3871834826
9510 9339.5 9528 9205 1580515200000 2429182170
9339.5 9382 9464 9287.5 1580601600000 1606928169
9382 9325 9483.5 9113 1580688000000 2558075884
9325 9282 9619 9220 1580774400000 2901398321
9282 9166 9348 9080 1580860800000 2851149240
9166 9630 9779 9157 1580947200000 3835754054
9630 9763 9869 9530 1581033600000 3831983024
9763 9815 9890 9713 1581120000000 2479752042
9815 9908 9957.5 9665.5 1581206400000 2628334844
9908 10172.5 10185.5 9899 1581292800000 2935217599
10172.5 9862.5 10199 9715.5 1581379200000 3654168022
9862.5 10286 10400 9725 1581465600000 3819505406
10286 10363 10500 10257 1581552000000 3195518429
10363 10241 10550 10075 1581638400000 4590116972
10241 10369.5 10393 10119 1581724800000 2321594602
10369.5 9907 10402.5 9731 1581811200000 2793702129
9907 9934 10049 9642 1581897600000 2631092637
9934 9715 9970 9485 1581984000000 3536302919
9715 10195.5 10300 9621 1582070400000 3722933606
10195.5 9596.5 10331 9260.5 1582156800000 4113270117
9596.5 9607.5 9688 9354 1582243200000 2896538588
9607.5 9694 9788 9506 1582329600000 1943485619
9694 9675.5 9718.5 9560.5 1582416000000 1047504190
9675.5 9966 10045 9674.5 1582502400000 2129179142
9966 9660.5 10036 9480 1582588800000 3127248830
9660.5 9317 9697.5 9233.5 1582675200000 2825728347
9317 8780 9368 8580 1582761600000 4672566740
8780 8820 8969 8523 1582848000000 3233578879
8820 8717.5 8902.5 8438 1582934400000 3535037527
8717.5 8531.5 8806.5 8525.5 1583020800000 1624579497
8531.5 8532.5 8769 8400 1583107200000 2865341712
8532.5 8918.5 8967 8490 1583193600000 2260357992
8918.5 8757 8930 8660 1583280000000 2506496796
8757 8756.5 8849 8665 1583366400000 1706557363
8756.5 9070.5 9171 8756 1583452800000 2680324726
9070.5 9158.5 9180 9001 1583539200000 1771717908
9158.5 8900 9224.5 8851 1583625600000 2109118200
8900 8038.5 8900 8001 1583712000000 3565316312
8038.5 7928 8184.5 7630.5 1583798400000 4800156501
7928 7889.5 8150 7723 1583884800000 3415078897
7889.5 7939 7985 7593 1583971200000 2616658378
7939 4346 7967 4266 1584057600000 9879605680
4346 5571.5 5873.5 3596 1584144000000 8470456293
5571.5 5160.5 5651 5046 1584230400000 2284697834
5160.5 5338.5 5974 5087 1584316800000 2416784951
5338.5 5036.5 5347.5 4394 1584403200000 3767784970
5036.5 5327 5566 4930 1584489600000 2483878294
5327 5409.5 5455 5003.5 1584576000000 2329210649
5409.5 6185 6464 5260 1584662400000 2961750416
6185 6204 6946 5653 1584748800000 3783695861
6204 6192 6448 5860 1584835200000 2179889762
6192 5820.5 6422.5 5737.5 1584921600000 2206628792
5820.5 6486 6640.5 5683 1585008000000 2720999038
6486 6765 6876.5 6400 1585094400000 2242836537
6765 6685.5 6984 6454 1585180800000 2234063864
6685.5 6760.5 6793.5 6490 1585267200000 1532859653
6760.5 6363.5 6875 6250.5 1585353600000 1641982373
6363.5 6250 6364 6031.5 1585440000000 1883833066
6250 5869 6277 5860.5 1585526400000 1502675683
5869 6408 6647 5846 1585612800000 2146883987
6408 6425 6524.5 6325 1585699200000 1367303451
6425 6671.5 6723.5 6141.5 1585785600000 2207635222
6671.5 6795.5 7299 6571 1585872000000 2972605816
6795.5 6738 7049.5 6600 1585958400000 2140975954
6738 6875 7097 6600 1586044800000 1619522774
6875 6775.5 6920 6660.5 1586131200000 1148471580
6775.5 7338 7391.5 6766 1586217600000 2341814274
7338 7193 7475.5 7076 1586304000000 2098135699
7193 7362.5 7430 7152 1586390400000 1776328298
7362.5 7289.5 7373 7080 1586476800000 1676985467
7289.5 6868.5 7299 6754 1586563200000 2206832440
6868.5 6885 6950 6766 1586649600000 1054582288
6885 6905.5 7197 6780.5 1586736000000 1720103437
6905.5 6853 6930.5 6540 1586822400000 2252284386
6853 6868 6985.5 6765 1586908800000 1400091537
6868 6615.5 6940 6601.5 1586995200000 1489184700
6615.5 7106.5 7245 6463 1587081600000 3006153467
7106.5 7025 7156.5 6991 1587168000000 1225409067
7025 7256.5 7305 7005.5 1587254400000 1302161155
7256.5 7125.5 7274 7053 1587340800000 1139540564
7125.5 6833 7237.5 6751.5 1587427200000 2362464868
6833 6848.5 6959 6762.5 1587513600000 1528684889
6848.5 7133.5 7189 6822 1587600000000 1450803027
7133.5 7492 7802 7023.5 1587686400000 2488032747
7492 7503.5 7610 7380 1587772800000 1473830307
7503.5 7542 7745 7431 1587859200000 1362595381
7542 7702.5 7720 7450 1587945600000 1432590477
7702.5 7788 7836.5 7625 1588032000000 1663495897
7788 7752 7795.5 7651 1588118400000 1154456663
7752 8794 8978 7706 1588204800000 5110631297
8794 8627.5 9481 8407 1588291200000 5794365072
8627.5 8832 9065 8622.5 1588377600000 2573647732
8832 8980.5 9020 8755 1588464000000 1560102376
8980.5 8907.5 9200 8724.5 1588550400000 2666607086
8907.5 8885 8970 8527 1588636800000 2424132603
8885 9025.5 9122 8760 1588723200000 2291572960
9025.5 9153.5 9424.5 8920 1588809600000 2902813165
9153.5 10010 10085.5 9009 1588896000000 4370697867
10010 9806.5 10050 9728.5 1588982400000 3138865117
9806.5 9537.5 9914.5 9511 1589068800000 2448399578
9537.5 8727.5 9570.5 8100 1589155200000 5273700229
8727.5 8565.5 9163 8160 1589241600000 4956763516
8565.5 8822.5 8979.5 8529 1589328000000 2175540768
8822.5 9314.5 9415 8803.5 1589414400000 2308094044
9314.5 9801.5 9970 9260 1589500800000 3582078491
9801.5 9315.5 9857 9100 1589587200000 3557587206
9315.5 9384 9593 9219.5 1589673600000 1695988070
9384 9677 9910 9335 1589760000000 1906941149
9677 9727 9979 9280 1589846400000 2328475675
9727 9786.5 9911 9401 1589932800000 2217743953
9786.5 9505 9850 9273 1590019200000 2171424772
9505 9059 9570.5 8800 1590105600000 2627516144
9059 9159.5 9264 8926 1590192000000 1470310195
9159.5 9168.5 9310 9075 1590278400000 1121957426
9168.5 8705.5 9305.5 8669 1590364800000 2071794094
8705.5 8893.5 8978 8618 1590451200000 1624486471
8893.5 8838.5 9014.5 8686 1590537600000 1533118499
8838.5 9205 9230 8811.5 1590624000000 1580447514
9205 9582.5 9629 9105.5 1590710400000 1783582616
9582.5 9427.5 9610 9328 1590796800000 1306089040
9427.5 9702 9765 9323 1590883200000 1437913147
9702 9445.5 9707 9382 1590969600000 1326927953
9445.5 10250.5 10473 9420 1591056000000 2221794381
10250.5 9520 10273 8600.5 1591142400000 2585912904
9520 9668 9695 9383 1591228800000 1103857150
9668 9799 9898 9406 1591315200000 1624745461
9799 9610.5 9860.5 9577 1591401600000 1486778525
9610.5 9668.5 9770 9526 1591488000000 979168883
9668.5 9760.5 9845.5 9360 1591574400000 1791286313
9760.5 9793 9825 9650 1591660800000 1176497554
9793 9784 9899 9465 1591747200000 1434255877
9784 9894 10180 9600.5 1591833600000 1352445011
9894 9259 10050 9012 1591920000000 2838725012
9259 9459.5 9547 9222.5 1592006400000 1233783617
9459.5 9476 9500 9330 1592092800000 714012720
9476 9327 9483 9232 1592179200000 940678663
9327 9426 9544.5 8892 1592265600000 2314161709
9426 9522.5 9599.5 9387 1592352000000 1275427288
9522.5 9452.5 9576 9219.5 1592438400000 1354980917
9452.5 9374 9495 9268.5 1592524800000 917426917
9374 9296.5 9450 9226 1592611200000 1297704623
9296.5 9358.5 9399 9141 1592697600000 931809409
9358.5 9286.5 9424.5 9272 1592784000000 647865073
9286.5 9692 9794.5 9272 1592870400000 1357919700
9692 9624 9724.5 9580 1592956800000 884855830
9624 9287 9668.5 9200 1593043200000 1825790740
9287 9240 9336.5 8981 1593129600000 1511880706
9240 9148.5 9286 9025 1593216000000 1375341566
9148.5 8997.5 9186 8827 1593302400000 1152481781
8997.5 9114.5 9185 8927.5 1593388800000 762355479
9114.5 9188 9234.5 9013 1593475200000 1012013657
9188 9132.5 9198 9040 1593561600000 816651655
9132.5 9234.5 9296.5 9086.5 1593648000000 998150625
9234.5 9084.5 9259 8932 1593734400000 1434090493
9084.5 9055.5 9122 9016 1593820800000 541298881
9055.5 9142 9196.5 9039.5 1593907200000 604764682
9142 9078 9143 8906.5 1593993600000 920008314
9078 9348 9389 9066 1594080000000 1314548157
9348 9251 9388.5 9202.5 1594166400000 840537930
9251 9443 9490 9233.5 1594252800000 1151562304
9443 9235.5 9443.5 9161 1594339200000 1287224190
9235.5 9290.5 9320 9114 1594425600000 958497314
9290.5 9232 9302 9183 1594512000000 485313627
9232 9305 9353 9160 1594598400000 885341892
9305 9230 9378.5 9198 1594684800000 952998765
9230 9256.5 9277 9076 1594771200000 921755131
9256.5 9188 9273 9150 1594857600000 738636331
9188 9130.5 9213 9026.5 1594944000000 926726125
9130.5 9154 9181 9080.5 1595030400000 528872495
9154 9172.5 9228 9113.5 1595116800000 461545873
9172.5 9219 9250 9089 1595203200000 589195390
9219 9160 9228 9125 1595289600000 540319829
9160 9393 9447 9155.5 1595376000000 1264071828
9393 9537.5 9584 9290 1595462400000 972162224
9537.5 9611.5 9692.5 9452 1595548800000 1178335665
9611.5 9549 9648.5 9477.5 1595635200000 958889621
9549 9712 9765 9538 1595721600000 987156909
9712 9940.5 10272 9664 1595808000000 1802767312
9940.5 11063.5 11431 9940 1595894400000 4947737792
11063.5 10941.5 11270 10603 1595980800000 3202769044
10941.5 11108.5 11362.5 10865 1596067200000 2098115704
11108.5 11127.5 11198 10845.5 1596153600000 1500081116
11127.5 11361 11470 10970.5 1596240000000 2064106128
11361 11827.5 11908.5 11246 1596326400000 2475714514
11827.5 11072 12163.5 10560 1596412800000 3479179292
11072 11244 11484.5 10931 1596499200000 1536256355
11244 11188 11429 10981.5 1596585600000 1551641491
11188 11765.5 11800 11042 1596672000000 1900928277
11765.5 11768.5 11924 11583.5 1596758400000 1699933174
11768.5 11600 11919 11330 1596844800000 2048399616
11600 11773 11822 11530 1596931200000 1087906266
11773 11691 11821.5 11532.5 1597017600000 1015369966
11691 11900.5 12110 11435.5 1597104000000 2411212574
11900.5 11383 11949.5 11125 1597190400000 2816090978
11383 11570.5 11619.5 11078.5 1597276800000 1516495486
11570.5 11805 11820 11270.5 1597363200000 1935771382
11805 11777 11868.5 11658.5 1597449600000 1134968692
11777 11864.5 12013 11690.5 1597536000000 1376560697
11864.5 11926 11941 11700 1597622400000 1128671195
11926 12308.5 12500 11620.5 1597708800000 2605664248
12308.5 11956.5 12404.5 11810.5 1597795200000 2219401770
11956.5 11761 12019.5 11540 1597881600000 2074507698
11761 11869 11897 11676 1597968000000 929068278
11869 11529.5 11884.5 11483 1598054400000 1729186824
11529.5 11675.5 11686 11373 1598140800000 1031435065
11675.5 11657 11711 11530.5 1598227200000 848794552
11657 11757.5 11835 11605 1598313600000 1027357727
11757.5 11319 11771.5 11101.5 1598400000000 2290436953
11319 11466 11550 11251 1598486400000 1410010209
11466 11331.5 11599 11116.5 1598572800000 2232804815
11331.5 11528.5 11548.5 11284.5 1598659200000 1105951574
11528.5 11483 11590.5 11414.5 1598745600000 830101571
11483 11719 11724 11470 1598832000000 989754767
11719 11658 11794 11571.5 1598918400000 1301120346
11658 11937 12071 11540.5 1599004800000 1987744352
11937 11398.5 11957.5 11165 1599091200000 2547385654
11398.5 10144 11473 9922 1599177600000 3582711111
10144 10455 10636 9880 1599264000000 2496103902
10455 10161.5 10570 9817.5 1599350400000 2295656172
10161.5 10250.5 10347 9993 1599436800000 1164344776
10250.5 10379.5 10413 9867 1599523200000 1690275573
10379.5 10126.5 10460.5 9811 1599609600000 2186141321
10126.5 10222.5 10350 9982.5 1599696000000 1103571425
10222.5 10343 10488 10219 1599782400000 1143320649
10343 10395.5 10430 10200.5 1599868800000 843676265
10395.5 10441 10477 10271 1599955200000 572741240
10441 10328 10583 10201.5 1600041600000 1033507088
10328 10671.5 10750 10251 1600128000000 1335592644
10671.5 10776 10925 10621 1600214400000 1381492211
10776 10949.5 11091.5 10659 1600300800000 1349236607
10949.5 10942 11045 10737 1600387200000 1090445146
10942 10927.5 11039.5 10815.5 1600473600000 882174620
10927.5 11080 11192 10892 1600560000000 949727352
11080 10913 11080.5 10763.5 1600646400000 950477420
10913 10411 10984 10280 1600732800000 1937060896
10411 10523 10570 10328.5 1600819200000 1054002000
10523 10228 10533 10130 1600905600000 1172400450
10228 10739.5 10813.5 10190.5 1600992000000 1491937080
10739.5 10689 10757.5 10551 1601078400000 1015842106
10689 10729.5 10829.5 10655 1601164800000 668587708
10729.5 10775 10795 10590 1601251200000 767602632
10775 10688 10946 10599 1601337600000 1100141402
10688 10839.5 10855 10600 1601424000000 967088415
10839.5 10778.5 10842 10650 1601510400000 905149206
10778.5 10607 10980 10450 1601596800000 1693116204
10607 10563.5 10655 10376 1601683200000 1165536603
10563.5 10544 10610.5 10493 1601769600000 472896875
10544 10672.5 10698.5 10522 1601856000000 496221891
10672.5 10788.5 10798.5 10621.5 1601942400000 660645024
10788.5 10591 10795.5 10505 1602028800000 967073304
10591 10668.5 10675 10552 1602115200000 585066308
10668.5 10926.5 10954 10525.5 1602201600000 1071262005
10926.5 11056.5 11102.5 10833 1602288000000 759471629
11056.5 11297 11490 11055.5 1602374400000 1032606981
11297 11371 11449 11279 1602460800000 765624818
11371 11544 11730 11190 1602547200000 1400865680
11544 11424 11560 11313 1602633600000 1081121228
11424 11416.5 11555 11289 1602720000000 963252867
11416.5 11510 11645 11271.5 1602806400000 1057990261
11510 11320 11549 11212 1602892800000 1084343083
11320 11364 11413.5 11221.5 1602979200000 525201699
11364 11507 11509 11347 1603065600000 515252202
11507 11752 11835 11417 1603152000000 1207957271
11752 11914.5 12059 11675.5 1603238400000 1654398028
11914.5 12814 13239 11895 1603324800000 3417940359
12814 12990.5 13219 12665.5 1603411200000 1976997877
12990.5 12941 13042.5 12727.5 1603497600000 1149209117
12941 13129.5 13186 12888 1603584000000 903314606
13129.5 13038 13377 12855 1603670400000 1196467410
13038 13069 13270 12776 1603756800000 1610805969
13069 13642.5 13801.5 13060 1603843200000 2128904272
13642.5 13268 13854.5 12905.5 1603929600000 2590188154
13268 13461.5 13638 12983 1604016000000 1960110483
13461.5 13557.5 13675 13119.5 1604102400000 1884089370
13557.5 13802.5 14135 13421 1604188800000 1772871976
13802.5 13756.5 13903 13622.5 1604275200000 922811251
13756.5 13566 13840 13212.5 1604361600000 1740227757
13566 14034 14077 13288 1604448000000 1673203841
14034 14151.5 14279 13533.5 1604534400000 2129841518
14151.5 15605 15791.5 14114 1604620800000 3180721468
15605 15608.5 15979 15200.5 1604707200000 2827497868
15608.5 14838 15780 14366.5 1604793600000 2592662622
14838 15499 15670 14738 1604880000000 1455313545
15499 15342.5 15875.5 14843 1604966400000 2377187415
15342.5 15309.5 15490 15079.5 1605052800000 1355001035
15309.5 15719 16067 15288.5 1605139200000 1559444291
15719 16316 16368.5 15460 1605225600000 2229996928
16316 16340 16499 15965.5 1605312000000 1579054970
16340 16083 16340 15718 1605398400000 1295478185
16083 15973 16169.5 15795 1605484800000 1008923756
15973 16718 16886 15889.5 1605571200000 1715669172
16718 17683.5 17890 16532.5 1605657600000 2840549478
17683.5 17788.5 18500 17221 1605744000000 3789521364
17788.5 17824 18230.5 17350 1605830400000 2165844721
17824 18672.5 18837.5 17763 1605916800000 2331879627
18672.5 18725 18989.5 18283.5 1606003200000 1851016742
18725 18464 18781.5 17656 1606089600000 2186105725
18464 18393.5 18785 18045 1606176000000 2156681517
18393.5 19193 19449 18045 1606262400000 2767550413
19193 18751 19546.5 18490.5 1606348800000 2400452266
18751 17165.5 18924.5 16220 1606435200000 4869547159
17165.5 17153 17477 16460 1606521600000 2299039122
17153 17736.5 17874.5 16898.5 1606608000000 1356626364
17736.5 18195 18345 17536.5 1606694400000 1241460612
18195 19714.5 19949 18195.5 1606780800000 3107683217
19714.5 18793 19958 18140 1606867200000 3165344547
18793 19221.5 19351 18334 1606953600000 1729762100
19221.5 19450.5 19632 18880.5 1607040000000 1371217335
19450.5 18658.5 19545 18559 1607126400000 1688264359
18658.5 19155.5 19194.5 18503.5 1607212800000 926099520
19155.5 19394 19447 18880 1607299200000 1048486560
19394 19188 19450 18914 1607385600000 1038976792
19188 18306.5 19303 18156.5 1607472000000 1626238181
18306.5 18533 18626.5 17630 1607558400000 1911129220
18533 18247 18539 17925 1607644800000 1250055625
18247 18037.5 18286 17563.5 1607731200000 1868706439
18037.5 18812.5 18950 18020 1607817600000 1118565731
18812.5 19172 19439 18730 1607904000000 1363478354
19172 19272 19355 19007.5 1607990400000 974421380
19272 19439 19595 19055 1608076800000 1531807702
19439 21380 21604.5 19291.5 1608163200000 2906159364
21380 22821.5 23837.5 21273.5 1608249600000 5867478897
22821.5 23134.5 23312.5 22359 1608336000000 1905514933
23134.5 23874.5 24300 22780 1608422400000 2075861972
23874.5 23491 24350.5 23111 1608508800000 2109245363
23491 22741.5 24157.5 21800 1608595200000 3330895998
22741.5 23835 23865 22400 1608681600000 1923966495
23835 23241 24163 22590.5 1608768000000 3088958589
23241 23740 23795.5 22680 1608854400000 1922526568
23740 24728.5 24812 23452 1608940800000 2409655649
24728.5 26490 26880 24500.5 1609027200000 2293397405
26490 26254 28395 25848 1609113600000 4152651254
26254 27039.5 27495 26073 1609200000000 2222773553
27039.5 27379.5 27411 25887 1609286400000 2238690113
27379.5 28907.5 29021 27380 1609372800000 3081874067
28907.5 28951 29350 27941 1609459200000 2319304701
28951 29402.5 29717 28701.5 1609545600000 1838861284
29402.5 32185 33430 29028.5 1609632000000 4616478195
32185 33062.5 34896 31988 1609718400000 4233140121
33062.5 32044.5 33670 27650 1609804800000 5115041875
32044.5 34107.5 34600 29936.5 1609891200000 3831661018
34107.5 36883 37074.5 33390.5 1609977600000 4337625799
36883 39487 40567 36383.5 1610064000000 4867691089
39487 40600 42084 36595 1610150400000 5295943183
40600 40291.5 41495 38760.5 1610236800000 2903820217
40291.5 38225 41527.5 34900 1610323200000 4268255145
38225 35390 38293 30377.5 1610409600000 8176174490
35390 34026 36671.5 32555 1610496000000 4398254106
34026 37390.5 37800 32357.5 1610582400000 3490456520
37390.5 39143.5 40163.5 36781.5 1610668800000 3215293113
39143.5 36734.5 39722 34347 1610755200000 4349394468
36734.5 36007 37969.5 35420.5 1610841600000 2716337938
36007 35870 36852.5 33862 1610928000000 2787817743
35870 36684.5 37533.5 34774.5 1611014400000 2534623334
36684.5 35898 37920 35810.5 1611100800000 2652624979
35898 35489 36381.5 33333 1611187200000 3153189209
35489 30810.5 35598 29961 1611273600000 4827957533
30810.5 33003 33835.5 28802 1611360000000 4047359471
33003 32090 33475 31413 1611446400000 2248018972
32090 32290.5 33120 30936 1611532800000 1904546206
32290.5 32221 34872.5 31910.5 1611619200000 3037356566
32221 32500 32928 30803 1611705600000 2807905742
32500 30381 32558.5 29270 1611792000000 3182339546
30381 33446 33793 29880 1611878400000 2408020667
33446 34230 38730 31999.5 1611964800000 6550659922
34230 34310.5 34889 32781 1612051200000 2227538611
34310.5 33101 34362 32176 1612137600000 1627575811
33101 33550.5 34749 32318 1612224000000 2077088786
33550.5 35544.5 36051 33441 1612310400000 2226392272
35544.5 37700 37750 35426 1612396800000 2662277724
37700 37030 38850 36222 1612483200000 2967900059
37030 38361.5 38419.5 36605 1612569600000 1825963949
38361.5 39318.5 41027.5 38293.5 1612656000000 2745957944
39318.5 38900.5 39810 37410.5 1612742400000 2627342478
38900.5 46417.5 46929 38058 1612828800000 4677725938
46417.5 46513.5 48277 45073.5 1612915200000 3586243118
46513.5 44888 47495 43802.5 1613001600000 2946590028
44888 48082 48833.5 44051.5 1613088000000 3643247396
48082 47485 49180 46234.5 1613174400000 2832796323
47485 47265.5 48335 46250.5 1613260800000 2057217655
47265.5 48690.5 49876.5 47105 1613347200000 2608808984
48690.5 48018.5 49080 45726 1613433600000 2614365272
48018.5 49199.5 50980 47140 1613520000000 3606645741
49199.5 52209.5 52743 48949.5 1613606400000 2907233492
52209.5 51613 52594.5 50940 1613692800000 2165933671
51613 55934 56454 50732 1613779200000 2963785938
55934 55934.5 57636 53991 1613865600000 2810562544
55934.5 57542.5 58464 55552 1613952000000 2276211707
57542.5 54122.5 57577.5 47566.5 1614038400000 6469168708
54122.5 48923.5 54205.5 44813 1614124800000 7289632823
48923.5 49691 51420 46961.5 1614211200000 2903146594
49691 47110 52151.5 46717 1614297600000 2984172940
47110 46320 48428.5 44100 1614384000000 3727451804
46320 46171.5 48399.5 45000 1614470400000 1872080256
46171.5 45211 46644.5 43040 1614556800000 2973600828
45211 49664.5 49833 45030.5 1614643200000 2102619079
49664.5 48483.5 50272 47100 1614729600000 2101593607
48483.5 50346 52669.5 48157.5 1614816000000 2433721732
50346 48333 51775 47468 1614902400000 2698319781
48333 48768.5 49461 46266 1614988800000 2598617339
48768.5 48904.5 49225.5 47092 1615075200000 1420976714
48904.5 51027 51500 48904.5 1615161600000 1758722602
51027 52480 52489 49329 1615248000000 2172323549
52480 54960 54965 52005 1615334400000 2256190115
54960 55975.5 57477 52978 1615420800000 3241934240
55975.5 57909.5 58300 54324 1615507200000 3219598123
57909.5 57315 58167 54850.5 1615593600000 3112750436
57315 61280.5 61900 56135 1615680000000 2937102754
61280.5 59029 61709.5 59029 1615766400000 2275102384
59029 55627.5 60689.5 54505.5 1615852800000 4265568113
55627.5 57009.5 57010 53264 1615939200000 3150700340
57009.5 59015.5 59095 54156.5 1616025600000 2827159946
59015.5 57620 60176 57010 1616112000000 2601706666
57620 58073.5 59527.5 56270 1616198400000 2521821493
58073.5 58146.5 60019.5 57883.5 1616284800000 2151097092
58146.5 57421.5 58576.5 55114.5 1616371200000 2363048374
57421.5 54090 58506 53730 1616457600000 2718794935
54090 54394 55826.5 53000 1616544000000 2547069006
54394 52244.5 57247 51750 1616630400000 3572267643
52244.5 51321.5 53225.5 50475.5 1616716800000 3542906196
51321.5 55081.5 55118 51272.5 1616803200000 2237949211
55081.5 55869.5 56682.5 54010 1616889600000 2174736146
55869.5 55788.5 56580 54750 1616976000000 1875741971
55788.5 57680.5 58490 54965.5 1617062400000 2672316336
57680.5 58812 59449 57093.5 1617148800000 2020805220
58812 58876 59950 56899 1617235200000 3278943503
58876 58806 59518.5 57960.5 1617321600000 2390606354
58806 59020 60347 58454 1617408000000 2522337435
59020 57126.5 59906 56953.5 1617494400000 3021092146
57126.5 58258 58586 56500 1617580800000 2226550312
58258 59330 59359 56824.5 1617667200000 2366766276
59330 58064 59612 57471.5 1617753600000 2654892714
58064 55937.5 58686 55500 1617840000000 4110510476
55937.5 58149 58208.5 55673.5 1617926400000 1979195607
58149 58123 58945 57746.5 1618012800000 1743769860
58123 59790.5 61709.5 57920.5 1618099200000 3161999211
59790.5 60076 60698.5 59259.5 1618185600000 1836674222
60076 59880.5 61424 59437 1618272000000 2094184244
59880.5 63674 63834 59825 1618358400000 3277602024
63674 63071.5 65000 61355.5 1618444800000 4814818199
63071.5 63323.5 63953 62131 1618531200000 2274300829
63323.5 61470 63593.5 60010.5 1618617600000 3769448703
61470 60114.5 62598 59673 1618704000000 2251302821
60114.5 56258.5 60426 50876 1618790400000 6233793396
56258.5 55705.5 57553 54376 1618876800000 2942867155
55705.5 56513.5 57127 53405 1618963200000 3047480036
56513.5 53828.5 56802.5 53668 1619049600000 2488150458
53828.5 51719.5 55500 50549 1619136000000 4040375940
51719.5 51137.5 52124.5 47530.5 1619222400000 4442442449
51137.5 50120 51164 48744.5 1619308800000 1795370866
50120 49080 50620.5 47010 1619395200000 1730240840
49080 54025 54363.5 48812 1619481600000 2542435856
54025 55050.5 55487.5 53290.5 1619568000000 1437594700
55050.5 54869.5 56494 53893.5 1619654400000 1803734583
54869.5 53524 55202.5 52381 1619740800000 1701448071
53524 57748.5 57966.5 53064 1619827200000 1841533132
57748.5 57874.5 58500 57112 1619913600000 1163014621
57874.5 56641.5 57980 56095 1620000000000 1154243253
56641.5 57191.5 59032.5 56507 1620086400000 1780150713
57191.5 53262.5 57206 53064.5 1620172800000 2613189229
53262.5 57553.5 57921 52857 1620259200000 2314871489
57553.5 56417 58428.5 55342 1620345600000 1971567485
56417 57422 58781.5 55313 1620432000000 1834221346
57422 59000 59646 57036 1620518400000 1933519416
59000 58299.5 59341.5 56350 1620604800000 1952362620
58299.5 55912.5 59806 53849 1620691200000 3272957761
55912.5 56764 56900 54502 1620777600000 2021067271
56764 49493 58036.5 48520 1620864000000 3567563624
49493 49700 51344.5 44632.5 1620950400000 4764678017
49700 49888 51533.5 48887.5 1621036800000 1541974906
49888 46757 50671.5 46563.5 1621123200000 2319470758
46757 46436 49788.5 43868 1621209600000 3209427626
46436 43582 46653 42134 1621296000000 4181106482
43582 42854.5 45798.5 42250 1621382400000 2717396004
42854.5 36811 43596 28157 1621468800000 8625864433
36811 40620.5 42444 34873 1621555200000 3453752671
40620.5 37301 42327 33460 1621641600000 3346306092
37301 37446.5 38885 35244 1621728000000 1880503309
37446.5 34711 38270.5 31100 1621814400000 2882564071
34711 38842.5 39920 34453 1621900800000 1991029675
38842.5 38379.5 39810 36511 1621987200000 2038678353
38379.5 39254.5 40891.5 37784 1622073600000 1892793740
39254.5 38513 40444 37143.5 1622160000000 1631304226
38513 35689.5 38952 34710.5 1622246400000 2399527182
35689.5 34587 37348.5 33650 1622332800000 1876207814
34587 35670 36549 33390.5 1622419200000 1119093889
35670 37265 37488.5 34168.5 1622505600000 1631293307
37265 36677 37935 35695 1622592000000 1557627256
36677 37534.5 38199 35922 1622678400000 1253832473
37534.5 39180 39430 37160.5 1622764800000 1390031905
39180 36840.5 39222 35583 1622851200000 2150929702
36840.5 35500 37921 34811 1622937600000 1910494951
35500 35780.5 36450 35235 1623024000000 926947069
35780.5 33538 36806 33300 1623110400000 1543459414
33538 33389 34036.5 31050 1623196800000 2161954454
33389 37369.5 37488 32420.5 1623283200000 2113774400
37369.5 36655.5 38450 35810.5 1623369600000 1627806200
36655.5 37311 37667.5 35925.5 1623456000000 1092481700
37311 35521 37437 34600.5 1623542400000 1366679200
35521 39022.5 39415 34754 1623628800000 1445198100
39022.5 40515 40995 38651 1623715200000 1672058500
40515 40149.5 41338 39510 1623801600000 1313076100
40149.5 38310.5 40472 38018 1623888000000 1471046100
38310.5 38050 39540 37317.5 1623974400000 1206252200
38050 35788 38176.5 35123.5 1624060800000 1421015100
35788 35483.5 36434 34801 1624147200000 1080696900
35483.5 35582 36159 33333 1624233600000 1513812100
35582 31619 35747.5 31086 1624320000000 2478047000
31619 32519.5 33294 28803 1624406400000 2489334600
32519.5 33654 34800 31752 1624492800000 1392033900
33654 34637 35361 32307.5 1624579200000 1161417800
34637 31562.5 35579 31247.5 1624665600000 1636666600
31562.5 32244.5 32719.5 30149 1624752000000 1493017000
32244.5 34706 34799 32000 1624838400000 1292964300
34706 34463 35277 33879 1624924800000 1190523200
34463 35920.5 36585 34198.5 1625011200000 1153867100
35920.5 35028 36079.5 34042 1625097600000 1364084700
35028 33507.5 35037 32710.5 1625184000000 1273473100
33507.5 33790.5 33965.5 32641 1625270400000 965701200
33790.5 34668 34942.5 33257.5 1625356800000 752843500
34668 35290.5 35945 34360 1625443200000 612414600
35290.5 33712 35291 33017 1625529600000 1135244100
33712 34213.5 35101 33488 1625616000000 1095961700
34213.5 33836 35080 33755 1625702400000 885812600
33836 32855 33900 32130 1625788800000 1100771500
32855 33813 34093 32255 1625875200000 708163600
33813 33500 34240.5 33030.5 1625961600000 659555400
33500 34256 34633 33333 1626048000000 620951400
34256 33080 34669.5 32642 1626134400000 946512100
33080 32712.5 33331 32147.5 1626220800000 789833800
32712.5 32806 33080 31573 1626307200000 801923800
32806 31863 33169.5 31114.5 1626393600000 943755400
31863 31380 32240.5 31015 1626480000000 949397600
31380 31509.5 31930 31130 1626566400000 734985600
31509.5 31768.5 32438.5 31064 1626652800000 743551900
31768.5 30805.5 31889.5 30404.5 1626739200000 807165600
30805.5 29779 31040 29211.5 1626825600000 1154576800
29779 32105.5 32828.5 29492 1626912000000 1221085100
32105.5 32298.5 32594.5 31709 1626998400000 632301200
32298.5 33599 33599 32005 1627084800000 786420500
33599 34253.5 34515 33419.5 1627171200000 909708500
34253.5 35392 35433 33875 1627257600000 861634700
35392 37240 40540.5 35266.5 1627344000000 3140235400
37240 39473.5 39540 36379 1627430400000 1740744600
39473.5 39998 40950 38728.5 1627516800000 2010107500
39998 40034.5 40677.5 39212.5 1627603200000 1105934800
40034.5 42260.5 42333 38342 1627689600000 1454327600
42260.5 41439.5 42440 41050 1627776000000 819371700
41439.5 39810.5 42648 39364 1627862400000 1221283400
39810.5 39151 40432 38683.5 1627948800000 1187917400
39151 38173.5 39810 37470 1628035200000 1360143200
38173.5 39747 39950 37412.5 1628121600000 952477600
39747 40905.5 41365 37240 1628208000000 1789495200
40905.5 42831 43395 39897 1628294400000 1492910200
42831 44624 44750 42526 1628380800000 1514719500
44624 43834 45339 43302 1628467200000 1403602800
43834 46270 46489.5 42831 1628553600000 1800803800
46270 45601 46746 44663 1628640000000 1203764900
45601 45518.5 46814 45350 1628726400000 1206767600
45518.5 44387.5 46150 43842 1628812800000 1344271800
44387.5 47821 47933 44250 1628899200000 1469990900
47821 47097.5 48200 46005 1628985600000 1108553800
47097.5 47030 47416.5 45467.5 1629072000000 1298315100
47030 45859 48090 45619 1629158400000 1696842900
45859 44650 47181 44401 1629244800000 1898833000
44650 44697 46025 44200 1629331200000 1634568300
44697 46767.5 47121 43917 1629417600000 1642350200
46767.5 49362 49487.5 46659 1629504000000 1709919300
49362 48855 49820.5 48216 1629590400000 1286466200
48855 49299.5 49550 48083.5 1629676800000 1163556100
49299.5 49485.5 50596 49049 1629763200000 1479013100
49485.5 47668 49884.5 47555 1629849600000 1807472200
47668 49014 49300 47060.5 1629936000000 1981090700
49014 46835.5 49370.5 46272 1630022400000 2021216100
46835.5 49086.5 49213.5 46335.5 1630108800000 1742598600
49086.5 48924 49331.5 48386 1630195200000 973570000
48924 48800 49711 47765.5 1630281600000 1277967500
48800 46979.5 48919 46833.5 1630368000000 1526527900
46979.5 47139 48292.5 46678 1630454400000 1551806200
47139 48849.5 49118.5 46507 1630540800000 1627801000
48849.5 49314 50440.5 48623 1630627200000 1762725600
49314 50026 51123.5 48350 1630713600000 1970239700
50026 49949 50588 49402 1630800000000 1036367200
49949 51848.5 51982.5 49496 1630886400000 1284632700
51848.5 52713.5 52837 51043 1630972800000 1334573500
52713.5 46861 52999 42479.5 1631059200000 4696714300
46861 46053.5 47340 44465 1631145600000 1786649600
46053.5 46376 47381 45512 1631232000000 1204808500
46376 44836 47029.5 44132 1631318400000 1614230900
44836 45157 45964 44706 1631404800000 916593200
45157 46025 46500 44730.5 1631491200000 993983200
46025 44974.5 46985 43400 1631577600000 2200568800
44974.5 47108.5 47243 44698.5 1631664000000 1244721900
47108.5 48110.5 48436 46676.5 1631750400000 1120661200
48110.5 47740 48500 47044.5 1631836800000 1104154700
47740 47277 48150 46656 1631923200000 1027193700
47277 48266 48838.5 47031.5 1632009600000 852342800
48266 47221.5 48339 46820 1632096000000 880183200
47221.5 43005.5 47335 42311 1632182400000 2431567500
43005.5 40712 43617.5 39500 1632268800000 2855913400
40712 43542.5 44016.5 40536.5 1632355200000 1304517100
43542.5 44860 44994 43086 1632441600000 1153319900
44860 42839.5 45146 40575.5 1632528000000 2454451700
42839.5 42674 42990 41652.5 1632614400000 894027700
42674 43166 43953.5 40801 1632700800000 1406080700
43166 42119 44400 42052 1632787200000 1126071200
42119 40983 42765.5 40830.5 1632873600000 1279389300
40983 41490.5 42590 40705 1632960000000 1171004500
41490.5 43801.5 44119 41379 1633046400000 1456638500
43801.5 48150 48471.5 43251 1633132800000 1756881700
48150 47660 48340.5 47444 1633219200000 571812000
47660 48215.5 49283 47113 1633305600000 750915700
48215.5 49222 49490 46922.5 1633392000000 1374474000
49222 51500 51946.5 49053.5 1633478400000 1348951600
51500 55337.5 55830 50424 1633564800000 1846667700
55337.5 53817.5 55338 53410 1633651200000 1190088200
53817.5 53976.5 56297.5 53610 1633737600000 1282897200
53976.5 54974.5 55550 53682 1633824000000 712278800
54974.5 54718.5 56645 54074 1633910400000 1237832400
54718.5 57504.5 57890 54469.5 1633996800000 1410009600
57504.5 56030.5 57737 53887.5 1634083200000 1793930800
56030.5 57419.5 57865 54265 1634169600000 1494666400
57419.5 57377 58592 56783 1634256000000 1122332400
57377 61676 63100 56878 1634342400000 2245894500
61676 60922.5 62406 60206 1634428800000 830928500
60922.5 61553 61765 58933 1634515200000 1042168600
61553 62027.5 62787.5 59860 1634601600000 1509691900
62027.5 64316 64510 61250 1634688000000 1654570400
64316 66059.5 67128.5 63522.5 1634774400000 1618199100
66059.5 62218 66689.5 61550 1634860800000 2790162900
62218 60715.5 63723.5 60044 1634947200000 1614482000
60715.5 61335 61788 59625 1635033600000 796789500
61335 60901 61550 59505 1635120000000 1040997600
60901 63125.5 63777 60682.5 1635206400000 1425567000
63125.5 60257 63411 59803.5 1635292800000 1544593500
60257 58499.5 62358 58000 1635379200000 2002767300
58499.5 60633.5 62636 57505 1635465600000 1955425800
60633.5 62322 62998.5 60200 1635552000000 1573397900
62322 61925 62412 60715 1635638400000 779242800
61925 61344 62491.5 60034 1635724800000 972657500
61344 60952.5 62558 59521.5 1635811200000 1364569300
60952.5 63319.5 64341.5 60656.5 1635897600000 1248284800
63319.5 62946 63614.5 60014.5 1635984000000 1248250200
62946 61453 63156 60679.5 1636070400000 960331200
61453 61037 62650 60782 1636156800000 862208600
61037 61524.5 61629 60125 1636243200000 778137900
61524.5 63352 63375 61395 1636329600000 815080900
63352 67642 67917 63352 1636416000000 1463077700
67642 66998.5 68675 66289.5 1636502400000 1190911700
66998.5 64890 69146.5 62834 1636588800000 2066411900
64890 64803.5 65640 64120 1636675200000 812111800
64803.5 64139.5 65485 62277.5 1636761600000 1301990700
64139.5 64393.5 65000 63381.5 1636848000000 570306800
64393.5 65559.5 65559.5 63580 1636934400000 681765600
65559.5 63603.5 66387 63404 1637020800000 955110700
63603.5 60100 63603.5 58533 1637107200000 2142131300
60100 60360 60890 58388 1637193600000 1258905400
60360 56903.5 60988 56460 1637280000000 1765707300
56903.5 58076.5 58338 55655 1637366400000 1000498100
58076.5 59739.5 59862.5 57415.5 1637452800000 664355500
59739.5 58650 60050 58505.5 1637539200000 654914600
58650 56271 59576.5 55560 1637625600000 1419633600
56271 57546 57885.5 55335.5 1637712000000 1181629700
57546 57175.5 57755.5 55888 1637798400000 863038900
57175.5 58976 59448.5 57055 1637884800000 887460300
58976 53782 59186.5 53511 1637971200000 1783383500
53782 54750.5 55284 53647.5 1638057600000 569449500
54750.5 57343 57480.5 53315.5 1638144000000 907317800
57343 57842.5 58919 56737.5 1638230400000 873341400
57842.5 56968.5 59282 55925 1638316800000 1345916000
56968.5 57202 59124 56497 1638403200000 1114520300
57202 56508 57412 55811 1638489600000 1000391600
56508 53633 57699 51554.5 1638576000000 1889433700
53633 49205 53856.5 41498.5 1638662400000 2805872600
49205 49434 49765 47800.5 1638748800000 801774900
49434 50467 50935 47156.5 1638835200000 1285109700
50467 50618.5 51973.5 50058 1638921600000 785385400
50618.5 50493.5 51232.5 48639 1639008000000 784151500
50493.5 47567 50839.5 47350 1639094400000 920742500
47567 47161 50100 46909 1639180800000 1019266500
47161 49391 49496 46767.5 1639267200000 703781800
49391 50066.5 50785 48631.5 1639353600000 577168000
50066.5 46689.5 50191 45707 1639440000000 1179530000
46689.5 48356.5 48666 46280.5 1639526400000 891591600
48356.5 48880 49514.5 46532 1639612800000 1179756100
48880 47630 49437 47475 1639699200000 693052200
47630 46152 47988.5 45422.5 1639785600000 1051363900
46152 46829 47345.5 45485.5 1639872000000 537933800
46829 46650.5 48270.5 46408 1639958400000 759820400
46650.5 46892 47532 45561 1640044800000 923172900
46892 48879 49299 46657 1640131200000 841803900
48879 48574.5 49665.5 48451 1640217600000 561561700
48574.5 50815.5 51368.5 48002 1640304000000 848398800
50815.5 50800 51874 50404.5 1640390400000 746250000
50800 50380 51177 50005 1640476800000 506531400
50380 50775 51314.5 49408.5 1640563200000 602764000
50775 50700 52147 50436 1640649600000 725148600
50700 47536 50700 47242 1640736000000 1063412600
47536 46415.5 48105 46000 1640822400000 942432900
46415.5 47111 47882.5 45872.5 1640908800000 740468800
47111 46200 48546 45500 1640995200000 1045402500
46200 47728.5 47925.5 46192.5 1641081600000 543638500
47728.5 47300 47992 46647.5 1641168000000 539072000
47300 46425 47577 45668.5 1641254400000 760545500
46425 45796 47535.5 45500 1641340800000 799086600
45796 43395 47067.5 42428 1641427200000 1753918300
43395 43072 43750 42333 1641513600000 677677400
43072 41542.5 43131.5 40551 1641600000000 1289970100
41542.5 41659.5 42289 40491.5 1641686400000 704883100
41659.5 41852.5 42750 41189 1641772800000 582614300
41852.5 41800 42227.5 39609 1641859200000 1184377100
41800 42715 43090.5 41251 1641945600000 761201700
42715 43898.5 44666 42448.5 1642032000000 762495800
43898.5 42554.5 44403 42330.5 1642118400000 921101900
42554.5 43058.5 43460 41751.5 1642204800000 729986800
43058.5 43075 43800 42571.5 1642291200000 500524900
43075 43065 43478 42603.5 1642377600000 481471900
43065 42207.5 43172 41550 1642464000000 615739200
42207.5 42362.5 42718.5 41250 1642550400000 604009300
42362.5 41653 42579 41111.5 1642636800000 800597500
41653 40650 43503 40531.5 1642723200000 924430500
40650 36436.5 41067 35394.5 1642809600000 2100109600
36436.5 35052 36799.5 33973 1642896000000 1213128000
35052 36252 36513.5 34613 1642982400000 787106900
36252 36657.5 37560 32898.5 1643068800000 1752304000
36657.5 36949 37539 35717 1643155200000 895249700
36949 36819 38906 36260 1643241600000 1077510300
36819 37163.5 37246.5 35514 1643328000000 821052200
37163.5 37710 38002 36166 1643414400000 615703100
37710 38174 38745 37281.5 1643500800000 577571500
38174 37893.5 38368.5 37342.5 1643587200000 459399600
37893.5 38473 38745 36629.5 1643673600000 722617500
38473 38687 39330.5 38000 1643760000000 884188200
38687 36904.5 38865 36602.5 1643846400000 746883200
36904.5 37310 37379 36222.5 1643932800000 593239500
37310 41585.5 41737 37025 1644019200000 1127249600
41585.5 41387 41949.5 40955 1644105600000 601055700
41387 42375.5 42693 41133 1644192000000 569456200
42375.5 43845.5 44550 41623.5 1644278400000 931253100
43845.5 44045 45530 42690 1644364800000 1229701300
44045 44403 44829.5 43116.5 1644451200000 788580400
44403 43491.5 45853.5 43200 1644537600000 1287302000
43491.5 42378 43930.5 41934.5 1644624000000 989645700
42378 42200.5 43002 41655 1644710400000 531980800
42200.5 42061.5 42772.5 41850 1644796800000 520665300
42061.5 42535.5 42891 41516 1644883200000 719497200
42535.5 44560 44765 42438 1644969600000 691393000
44560 43878.5 44562.5 43320 1645056000000 659130900
43878.5 40516 44160 40066 1645142400000 1178660200
40516 39988 40960 39441 1645228800000 804704000
39988 40083.5 40450 39638 1645315200000 405770300
40083.5 38386.5 40120 37956.5 1645401600000 840769300
38386.5 37014 39499 36800 1645488000000 1341356400
37014 38240 38435 36321 1645574400000 887993200
38240 37262 39270 37050 1645660800000 825792400
37262 38330 40051.5 34348.5 1645747200000 1926224100
38330 39207.5 39677.5 37970 1645833600000 872453700
39207.5 39115 40291 38583.5 1645920000000 535537500
39115 37693 39879 36965 1646006400000 898544700
37693 43176.5 44584 37434.5 1646092800000 1368628000
43176.5 44427 44971 42861 1646179200000 1009734100
44427 43909 45356.5 43300 1646265600000 1139678100
43909 42439.5 44088 41820 1646352000000 1004227200
42439.5 39128.5 42508 38500 1646438400000 1137405600
39128.5 39375.5 39578 38549.5 1646524800000 481970100
39375.5 38400.5 39693 38075 1646611200000 889739400
38400.5 37967 39545 37135.5 1646697600000 1194820500
37967 38723.5 39381 37857 1646784000000 1087892900
38723.5 41954.5 42596.5 38641.5 1646870400000 1079137900
41954.5 39418 42037 38420 1646956800000 1351599500
39418 38714.5 40245.5 38239 1647043200000 979194400
38714.5 38794 39480 38645.5 1647129600000 377767900
38794 37749 39306.5 37548 1647216000000 607095300
37749 39662 39916.5 37527.5 1647302400000 721078400
39662 39280.5 39892 38112 1647388800000 677379000
39280.5 41115.5 41790 38752 1647475200000 1212441800
41115.5 40914 41472 40450 1647561600000 519838500
40914 41768.5 42352 40160 1647648000000 691900400
41768.5 42222 42429 41509.5 1647734400000 463051600
42222 41268 42293.5 40902 1647820800000 703329300
41268 40983 41541 40421.5 1647907200000 1161427500
40983 42354 43420.5 40867.5 1647993600000 1139088700
42354 42892 43024 41691.5 1648080000000 918961000
42892 43991 44240 42270 1648166400000 1057549400
43991 44298.5 45110 43590 1648252800000 923049300
44298.5 44526.5 44799.5 44060 1648339200000 476254000
44526.5 46816 46966 44435 1648425600000 721266600
46816 47130 48178.5 46666.5 1648512000000 889697000
47130 47444 48120.5 46955 1648598400000 939962900
47444 47050.5 47701 46528 1648684800000 879573200
47050.5 45504 47604.5 45188.5 1648771200000 941261200
45504 46269.5 46720 44178 1648857600000 1140415500
46269.5 45814 47222.5 45610.5 1648944000000 663368100
45814 46406 47458 45542 1649030400000 750019800
46406 46605 46900 45119 1649116800000 823856000
46605 45498 47227.5 45362 1649203200000 785301200
45498 43167.5 45498.5 43111.5 1649289600000 935902100
43167.5 43420 43896 42668 1649376000000 546187700
43420 42247 43977 42077.5 1649462400000 868570000
42247 42744.5 42790.5 42085 1649548800000 422082900
42744.5 42150 43400 41860.5 1649635200000 683558200
42150 39509.5 42392 39180 1649721600000 1258020500
39509.5 40075.5 40705 39254.5 1649808000000 908986500
40075.5 41120 41532.5 39584 1649894400000 744860200
41120 39929 41497.5 39550 1649980800000 621954900
39929 40530.5 40861.5 39750 1650067200000 369508600
40530.5 40366.5 40700 39946 1650153600000 343249800
40366.5 39661.5 40575 39526.5 1650240000000 423384600
39661.5 40793.5 41133 38376.5 1650326400000 835687200
40793.5 41470 41783.5 40502 1650412800000 450867800
41470 41356 42205.5 40860 1650499200000 623091200
41356 40453.5 42984 39721.5 1650585600000 739860700
40453.5 39678 40810 39129 1650672000000 428905400
39678 39437.5 40039 39280 1650758400000 297015500
39437.5 39445 39935.5 38887.5 1650844800000 493912100
39445 40416.5 40690 38161 1650931200000 811178100
40416.5 38085.5 40814 37651 1651017600000 817837800
38085.5 39219 39455.5 37857 1651104000000 731989700
39219 39733.5 40373 38883.5 1651190400000 728854200
39733.5 38568 39909.5 38165.5 1651276800000 511851400
38568 37620 38768 37553 1651363200000 322171600
37620 38457.5 38700 37379 1651449600000 443567200
38457.5 38500.5 39150 38037.5 1651536000000 596538100
38500.5 37715 38633.5 37491.5 1651622400000 458253100
37715 39692 40040.5 37663.5 1651708800000 688377200
39692 36515.5 39822.5 35485 1651795200000 1152138900
36515.5 36002 36632 35220 1651881600000 629866100
36002 35443.5 36099 34696.5 1651968000000 358045500
35443.5 34013.5 35471.5 33607.5 1652054400000 702297700
34013.5 30066 34215 30021 1652140800000 1761504200
30066 30991.5 32636 29718.5 1652227200000 1176515400
30991.5 28954 32133.5 27655 1652313600000 1878828800
28954 28929.5 30124 25302.5 1652400000000 1351009000
28929.5 29226.5 30983 28668 1652486400000 675636400
29226.5 30033 30295 28578 1652572800000 504858700
30033 31273.5 31416 29440 1652659200000 418586600
31273.5 29822 31276 29051 1652745600000 747451300
29822 30400.5 30739.5 29346 1652832000000 609220300
30400.5 28650.5 30675 28588.5 1652918400000 679961600
28650.5 30292.5 30495 28639.5 1653004800000 581143500
30292.5 29173 30784.5 28657 1653091200000 672501700
29173 29400.5 29613 28913 1653177600000 314652800
29400.5 30268.5 30460 29220 1653264000000 400415300
30268.5 29058 30632.5 28819.5 1653350400000 648131500
29058 29620 29830 28606 1653436800000 577348400
29620 29510 30194 29297.5 1653523200000 480177200
29510 29172.5 29847.5 27977 1653609600000 824038400
29172.5 28580 29354.5 28230.5 1653696000000 629985300
28580 28990 29220 28488.5 1653782400000 218075000
28990 29430 29550.5 28800 1653868800000 266404000
29430 31702 32173.5 29272 1653955200000 785382000
31702 31756 32372.5 31185 1654041600000 628204700
31756 29782 31958 29283.5 1654128000000 829586800
29782 30422.5 30734.5 29558 1654214400000 490755000
30422.5 29664.5 30674.5 29236.5 1654300800000 536259400
29664.5 29833 29968.5 29435 1654387200000 383765000
29833 29870.5 30154.5 29498 1654473600000 511447600
29870.5 31333 31737.5 29850 1654560000000 666760700
31333 31110 31548.5 29166.5 1654646400000 988898200
31110 30175 31285 29812.5 1654732800000 483844500
30175 30061.5 30675 29909 1654819200000 386918300
30061.5 29050 30345 28800 1654905600000 622441800
29050 28375 29399.5 28085 1654992000000 712230600
28375 26530 28490 26500 1655078400000 743610200
26530 22429.5 26900 21870 1655164800000 1890047300
22429.5 22097 23350 20780.5 1655251200000 1258990500
22097 22539.5 22877 20014.5 1655337600000 1428767700
22539.5 20355.5 22949.5 20189 1655424000000 638516700
20355.5 20424 21349 20195 1655510400000 583559700
20424 18951.5 20734.5 17568.5 1655596800000 1135597600
18951.5 20535.5 20771 17886 1655683200000 891236800
20535.5 20539.5 21049 19600 1655769600000 545908100
20539.5 20691.5 21693.5 20318 1655856000000 515548300
20691.5 19965.5 20872 19736.5 1655942400000 598570900
19965.5 21078.5 21208 19866 1656028800000 413994400
21078.5 21209 21535 20700 1656115200000 395344100
21209 21473.5 21594.5 20890 1656201600000 259914100
21473.5 21031.5 21871 20951 1656288000000 304478200
21031.5 20713.5 21511 20456 1656374400000 404810700
20713.5 20250 21180 20166 1656460800000 382650800
20250 20081.5 20418 19797.5 1656547200000 384543700
20081.5 19924 20133.5 18558 1656633600000 628788900
19924 19256 20885.5 18932 1656720000000 591767100
19256 19215.5 19432.5 18930.5 1656806400000 232154700
19215.5 19281.5 19640 18751.5 1656892800000 367221600
19281.5 20201 20310.5 19017 1656979200000 491375400
20201 20146 20734 19265.5 1657065600000 731142900
20146 20541.5 20650 19735.5 1657152000000 491020700
20541.5 21604 21831 20218.5 1657238400000 457371700
21604 21574.5 22488.5 21162.5 1657324800000 565984000
21574.5 21577 21942 21300 1657411200000 319562500
21577 20835.5 21583.5 20627 1657497600000 358502400
20835.5 19944.5 20836 19860 1657584000000 460903500
19944.5 19302 20023.5 19212 1657670400000 463694400
19302 20214.5 20325 18855 1657756800000 749052500
20214.5 20571.5 20869 19585 1657843200000 505038700
20571.5 20818 21184 20363.5 1657929600000 442162800
20818 21182.5 21583.5 20465 1658016000000 380700000
